18 0
117 19
101 120
37 147
9 101
116 93
2 131
90 37
117 152
28 68
1 1 1 0 1 1 0 1 1 1 1 0 1 1 1 1 1 1 1 0 1 0 0 1 1 1 1 0 1 1 0 1 1 0 1 1 1 1 1 0 1 1 0 1 1 0 1 1 0 1 1 1 1 1 1 1 1 1 1 1 1 1 1 1 1 0 1 0 1 1 1 1 1 1 1 1 1 1 0 1 1 1 1 1 1 1 2 0 2 1 2 2 0 1 1 2 1 2 0 2 2 2 1 2 2 1 1 2 1 2 1 1 0 1 0 2 0 0 1 2 0 2 1 1 0 2 1 2 0 0 2 2 1 1 1 0 1 1 2 2 1 0 1 1 2 1 0 1 1 1 1 0 0 1 0 0 1 1 1 1 
1 1 1 0 1 0 1 0 1 1 0 1 1 1 1 1 1 0 1 0 1 1 1 1 1 1 1 1 1 1 0 1 0 1 1 0 1 1 1 1 1 1 1 1 1 1 1 0 1 1 1 1 1 1 0 1 1 1 1 1 1 1 1 1 1 1 1 1 1 1 1 1 1 1 1 1 0 0 0 1 0 1 1 1 1 1 0 1 0 0 1 0 2 1 1 2 1 0 1 1 1 2 2 2 1 1 0 1 1 1 1 2 0 1 2 1 2 2 1 2 1 1 0 2 2 1 1 1 2 2 2 2 1 1 1 2 0 1 2 2 2 1 2 2 1 2 1 1 1 1 1 1 1 1 1 1 1 1 1 0 
1 1 1 0 0 1 1 1 1 0 0 1 1 0 1 1 1 1 1 1 1 1 1 1 0 1 0 1 1 1 1 0 0 1 1 1 1 1 0 1 1 1 1 1 1 1 1 1 1 1 1 0 0 1 1 1 0 1 0 1 1 1 1 1 1 1 1 1 0 0 1 1 1 1 1 1 1 1 1 1 1 0 1 0 1 1 0 1 2 2 0 1 1 2 0 2 1 2 1 2 0 2 0 2 2 1 1 2 1 1 2 1 1 2 0 0 2 1 1 2 1 1 0 1 1 1 2 2 0 2 0 2 2 2 0 1 1 1 1 2 1 2 2 1 0 1 1 1 0 1 1 1 1 1 1 1 1 1 1 1 
1 1 1 1 1 1 1 1 1 0 1 0 1 1 1 1 1 1 0 1 1 1 0 1 0 1 1 1 1 1 1 1 1 1 1 1 1 1 1 1 1 1 0 0 1 1 1 0 1 0 1 1 1 0 1 1 1 1 1 0 1 0 1 0 1 1 1 1 1 1 0 1 1 1 1 1 1 1 1 1 1 1 0 1 1 0 0 2 1 1 1 1 2 2 2 1 1 1 1 1 1 0 2 2 0 0 0 2 2 0 2 1 2 0 1 2 2 2 0 1 2 1 0 2 0 2 2 0 1 1 1 0 1 0 1 1 2 1 2 0 2 1 1 1 2 2 1 1 1 1 1 1 1 1 1 0 1 0 1 1 
0 0 1 1 1 1 1 1 1 1 0 1 1 1 1 1 1 1 1 1 1 1 1 1 1 1 0 1 1 1 1 1 0 0 1 0 1 0 1 1 1 0 1 1 1 1 1 0 1 1 1 1 1 1 0 0 1 1 0 1 1 1 1 1 1 1 1 1 1 1 1 1 1 1 1 0 1 1 1 1 1 1 0 1 1 1 2 2 2 0 1 2 0 1 2 2 0 1 1 2 2 2 2 0 2 2 1 1 0 0 2 1 2 1 1 1 2 1 1 2 2 2 2 2 1 0 1 2 0 2 2 2 1 1 1 2 2 2 1 1 2 0 0 0 1 1 1 1 1 0 1 1 1 1 1 1 1 0 1 1 
1 1 1 1 1 1 1 1 1 1 1 1 1 0 1 1 1 0 1 1 1 0 1 0 1 0 1 1 1 1 0 1 1 1 1 1 1 1 1 0 1 1 1 0 0 0 1 1 0 1 1 1 0 1 1 1 1 1 1 1 1 0 1 0 0 0 1 0 0 1 1 1 1 1 1 1 1 0 1 1 0 1 1 0 1 1 2 0 1 1 0 1 1 1 1 0 2 2 0 1 2 0 0 1 2 2 0 1 0 2 2 2 1 2 1 2 2 1 1 2 1 1 2 0 0 2 1 1 0 1 2 0 0 1 1 1 2 1 2 2 1 1 0 1 2 2 0 1 1 1 1 1 0 1 1 1 1 0 0 1 
1 1 1 0 1 1 1 1 1 1 1 1 1 1 1 1 1 1 1 1 1 0 0 1 0 1 1 1 1 1 1 1 1 1 1 1 1 1 1 1 1 1 1 1 1 1 1 1 1 1 1 1 1 1 1 1 1 1 1 1 1 1 1 1 1 1 1 1 0 1 1 0 1 1 1 1 0 0 1 1 1 1 0 1 1 1 2 2 2 1 2 0 2 1 2 2 0 1 2 2 1 2 0 2 2 1 2 1 0 0 0 2 2 2 1 2 2 2 0 2 2 2 0 1 0 0 2 1 1 2 1 2 0 0 1 2 1 0 2 1 2 2 1 1 1 2 1 0 1 0 1 1 1 0 1 1 1 1 0 1 
1 1 1 1 1 1 1 1 1 1 1 1 1 0 1 1 0 1 0 1 1 1 1 0 0 0 1 0 1 1 1 1 1 1 1 1 1 1 1 1 1 1 1 1 0 1 1 1 0 1 1 0 1 1 1 0 0 1 1 1 1 0 1 1 0 1 1 1 0 1 1 1 1 1 1 1 0 1 0 1 0 0 1 0 1 1 1 0 1 1 1 1 0 0 1 1 2 0 1 2 1 1 1 2 2 2 1 2 1 0 0 2 1 1 1 1 0 0 1 2 0 1 0 1 2 0 2 2 2 2 2 2 2 2 1 0 1 1 0 0 1 1 1 2 2 1 1 1 1 1 1 1 0 1 1 1 1 0 1 1 
a a a a a a a a a a a a a a a a a a a a a a a a a a a a a a a a a a a a a a a a a a a a a a a a a a a a a a a a a a a a a a a a a a a a a a a a a a a a a a a a a a a a a a b b b a a a b a b a b b b b a b a b a a b b a b a a b a a a b b b b a a a a b a b b a b a b b a b a a a a b a b a b a b a a a a a a a a a a a a a a 
0 1 1 1 0 1 0 1 1 1 0 1 1 0 1 0 0 1 1 1 1 1 1 0 1 1 1 1 1 1 1 0 1 0 1 1 1 1 1 1 1 1 1 1 1 0 1 1 1 0 1 1 1 0 1 1 1 1 1 1 1 1 1 1 1 1 1 0 1 1 1 0 1 1 1 1 1 0 0 1 1 1 1 1 1 0 2 0 2 2 0 2 1 2 2 1 2 1 1 1 2 2 2 2 1 2 1 2 1 2 0 2 0 2 2 2 2 2 1 2 1 2 2 2 0 2 1 2 2 0 2 2 1 2 0 1 2 0 0 1 2 2 2 0 0 2 2 1 1 0 1 1 1 1 1 1 0 1 1 1 
1 1 1 1 1 1 1 1 1 1 1 1 1 0 0 1 1 1 1 1 0 1 1 0 1 1 1 1 1 1 0 1 1 1 1 1 1 1 1 1 1 0 1 1 1 1 1 1 1 1 1 0 1 1 1 1 1 1 1 1 1 1 1 0 1 0 0 0 1 1 0 1 1 1 1 1 0 1 1 1 1 1 1 1 1 1 1 0 1 1 1 2 1 2 2 1 0 1 2 1 1 1 1 1 2 2 1 0 1 2 1 1 1 1 1 0 1 2 2 2 1 1 2 1 0 2 1 1 2 1 0 1 2 2 2 0 2 0 0 1 2 1 2 1 2 1 2 1 1 0 1 1 0 1 1 1 1 1 1 1 
1 1 1 1 1 1 1 1 1 1 1 1 1 1 1 1 0 1 1 1 1 0 0 0 1 0 1 1 1 1 1 1 0 1 0 1 1 1 0 1 1 1 1 1 1 0 0 1 1 1 1 1 1 1 1 1 1 1 1 1 1 1 1 0 1 0 1 0 1 1 0 1 1 1 1 1 1 1 0 0 1 1 1 1 0 1 1 2 2 0 1 1 1 0 2 2 0 2 2 2 1 0 1 1 2 1 1 0 1 1 1 1 2 0 2 1 0 2 1 1 1 2 2 1 2 1 2 2 0 1 0 1 0 2 2 2 1 0 1 2 2 2 1 1 0 2 2 1 0 1 0 1 1 1 1 1 0 1 1 1 
1 1 1 0 1 1 1 1 1 1 1 1 1 1 1 1 1 1 1 1 1 1 1 1 1 1 1 1 1 0 0 1 0 0 0 1 1 1 1 1 1 1 1 0 1 1 1 1 1 0 1 1 1 1 1 1 1 1 0 0 1 0 1 1 1 1 0 1 1 1 0 0 1 1 0 0 0 1 1 0 0 0 1 1 1 1 2 2 2 1 0 2 2 0 0 0 1 1 1 1 1 2 1 1 2 2 0 1 1 1 1 1 0 2 0 1 1 2 1 1 0 1 1 0 0 1 1 2 2 0 2 2 2 0 1 1 1 1 0 0 1 1 2 2 2 1 2 1 1 1 0 1 0 1 1 1 0 0 1 1 
1 0 0 1 1 1 0 1 0 1 1 1 1 0 1 0 0 1 1 1 1 1 1 1 1 1 0 1 1 1 1 1 0 1 1 0 0 1 1 1 1 1 1 1 1 1 0 1 1 1 0 1 1 1 0 1 2 2 1 1 1 1 0 1 1 0 1 1 1 2 0 2 1 1 1 2 1 2 1 2 2 2 1 2 1 0 2 0 2 2 2 1 1 0 1 2 1 2 2 2 2 2 1 2 1 2 1 2 2 2 2 2 2 2 2 1 2 2 1 2 0 2 2 2 1 1 1 0 0 0 1 0 2 1 0 2 2 2 0 1 1 1 2 2 2 2 2 1 0 1 1 1 1 0 1 1 0 1 1 1 
1 1 0 1 1 1 1 1 1 1 1 0 0 1 1 0 1 1 1 1 1 1 1 1 1 0 0 0 1 1 1 1 1 1 1 1 1 1 1 1 1 1 1 1 1 1 1 0 1 1 1 1 1 0 0 1 2 1 0 1 1 1 1 0 2 2 1 0 1 1 1 1 2 1 0 2 2 0 1 0 1 2 1 2 1 0 1 2 1 1 1 2 0 2 1 2 1 2 1 2 1 2 0 2 1 1 1 2 1 1 2 0 2 0 1 2 2 0 1 1 0 1 1 1 0 2 1 1 1 1 1 1 2 1 2 2 2 1 2 1 1 0 0 2 0 2 2 1 1 1 0 1 1 1 1 1 1 1 1 1 
1 1 1 1 0 1 1 0 1 0 1 1 1 1 1 1 1 1 1 1 0 1 0 1 1 1 1 0 1 1 1 1 1 1 1 1 0 0 1 1 0 0 1 1 1 1 0 1 1 1 0 1 1 0 1 2 1 1 2 0 2 0 1 2 2 2 1 1 2 1 1 2 2 2 2 1 2 1 0 2 0 2 2 1 1 1 0 2 2 2 1 2 1 2 1 2 0 0 1 1 1 2 2 1 0 1 1 2 2 1 1 2 1 1 1 2 0 1 1 0 0 0 1 1 0 1 1 2 1 2 2 1 2 1 2 0 1 2 1 0 1 1 0 1 2 2 0 1 1 1 1 0 1 0 1 1 1 1 1 1 
1 1 0 0 1 0 1 1 1 1 1 1 1 1 1 1 1 1 1 0 1 1 1 1 1 1 0 1 0 1 1 1 0 1 1 1 1 1 1 1 1 0 1 1 1 1 1 1 1 1 1 1 1 1 1 1 1 2 1 2 2 1 2 1 0 0 0 2 1 0 0 1 1 2 2 2 2 2 2 1 1 0 0 1 1 1 2 1 1 1 0 2 1 1 2 2 0 0 2 2 1 1 2 1 2 1 2 0 0 2 0 2 2 2 2 0 2 2 0 1 0 1 0 1 1 1 0 1 1 2 1 2 0 1 1 0 1 1 2 2 0 2 2 2 1 2 1 1 1 1 1 0 1 1 1 1 1 0 1 1 
1 1 1 0 1 1 1 0 1 1 1 1 1 1 0 0 0 1 1 0 1 1 1 1 0 1 1 1 1 1 1 1 1 1 0 1 1 0 1 1 1 1 1 1 1 1 1 0 1 1 1 1 1 2 1 1 2 2 2 0 2 1 2 2 2 0 2 1 2 1 2 0 1 1 1 2 1 0 1 2 1 1 1 1 1 1 1 0 2 1 0 2 0 2 1 0 0 1 2 1 1 2 0 1 2 0 2 2 0 2 0 2 0 2 2 1 2 1 0 1 2 1 0 2 2 1 1 2 1 2 2 1 0 1 1 1 0 1 1 2 2 1 2 2 1 1 1 1 1 1 1 0 0 1 1 1 1 0 1 1 
1 1 1 1 0 0 0 1 0 0 0 1 0 1 1 1 1 1 1 0 1 0 1 1 1 1 1 0 1 1 1 0 0 1 0 1 1 1 1 1 1 1 1 1 1 0 1 1 1 1 1 1 0 1 1 1 2 0 0 2 2 2 1 2 2 1 2 2 2 1 0 2 1 2 1 1 0 0 1 1 1 2 2 2 1 0 2 1 1 0 1 1 0 2 2 0 1 2 2 0 2 0 2 1 0 0 2 0 2 2 1 0 2 2 0 2 2 0 1 1 1 1 1 1 1 1 1 1 1 1 1 1 1 1 1 1 1 1 1 0 1 1 1 1 1 1 1 1 1 0 1 1 1 1 0 1 1 0 1 1 
0 1 1 1 1 1 1 1 0 1 1 1 1 1 0 1 1 0 1 1 1 1 1 1 1 1 1 1 1 1 1 1 1 1 1 1 0 1 0 1 1 1 1 0 1 1 0 1 0 1 1 1 1 2 0 2 0 0 1 0 2 2 0 1 2 1 1 2 1 1 1 2 0 1 2 0 0 1 2 2 2 2 2 2 1 1 2 0 2 2 1 1 0 2 1 1 0 0 2 0 2 0 1 1 1 0 1 1 2 1 1 2 1 0 2 2 2 1 1 1 1 1 0 1 1 1 0 1 1 1 1 1 0 1 1 1 0 1 1 1 1 0 1 1 1 1 1 1 0 0 0 1 0 1 1 1 1 1 1 1 
1 1 1 0 0 1 1 1 1 0 1 1 0 1 1 1 0 1 1 1 1 1 1 1 1 1 1 0 1 1 1 0 0 0 1 1 1 1 1 0 1 0 1 0 1 1 0 1 1 0 1 1 1 1 1 2 1 0 1 1 2 1 1 0 2 2 1 0 2 2 1 2 0 1 2 2 1 2 2 2 2 1 1 2 1 1 0 1 2 1 2 1 1 0 2 2 2 2 2 0 1 2 2 1 2 1 2 0 2 2 1 1 2 1 2 2 1 0 1 1 1 1 1 1 0 1 1 1 1 1 0 1 1 1 1 1 1 1 1 1 1 1 1 0 1 1 1 1 1 1 1 1 0 0 0 0 1 1 1 1 
1 1 1 1 1 0 0 0 1 1 1 1 1 1 1 1 1 1 1 1 1 1 1 1 1 1 0 1 1 1 1 1 1 0 1 1 1 1 1 1 0 1 1 1 0 0 1 0 1 0 1 1 0 2 1 2 1 2 1 1 0 2 1 0 0 1 1 1 2 2 2 1 2 1 2 2 1 1 2 2 1 2 0 1 1 1 1 2 1 2 1 0 1 2 0 0 1 1 0 0 2 0 1 2 2 1 2 1 1 0 1 2 2 2 0 2 2 0 1 1 1 0 1 1 0 0 1 1 1 0 1 1 1 1 1 1 1 0 1 1 1 0 0 1 1 1 1 1 1 1 0 1 1 1 1 0 1 1 1 1 
0 1 1 1 0 1 1 1 1 1 1 1 1 0 1 1 0 1 1 1 1 1 1 1 0 0 1 1 1 0 1 1 0 0 1 1 1 1 1 0 0 1 1 0 1 1 1 1 0 1 1 1 1 2 2 2 2 2 1 1 0 2 2 2 2 1 0 2 0 1 1 2 1 1 2 0 2 1 2 2 1 0 1 2 0 1 1 0 1 0 0 0 1 0 0 1 2 1 1 2 1 1 0 1 1 1 2 1 1 1 2 1 0 1 0 1 2 1 0 0 1 1 1 0 0 0 0 1 0 1 1 1 1 1 2 2 1 1 2 1 0 2 2 1 1 2 1 1 2 2 0 2 2 2 2 2 2 2 2 2 
1 1 1 1 1 1 1 1 1 1 1 1 1 0 1 1 0 1 1 1 1 1 0 1 1 0 0 1 0 1 1 0 1 1 1 1 0 1 1 1 1 0 1 1 1 1 1 1 1 1 1 1 1 2 2 2 2 1 2 0 1 2 2 1 1 2 2 0 0 2 1 1 1 0 2 2 1 1 0 1 1 2 0 2 1 0 1 2 1 1 0 2 2 1 2 0 0 0 2 1 2 2 1 1 0 1 2 0 1 2 2 2 1 0 0 2 0 1 0 1 1 1 1 0 1 1 1 1 0 0 1 1 1 2 0 2 2 2 0 0 1 2 0 2 1 1 2 2 0 1 2 0 2 1 1 0 1 2 0 1 
0 1 1 1 1 1 1 1 1 0 1 0 1 1 1 1 1 0 1 0 1 1 1 1 1 0 1 1 1 1 1 1 0 1 1 1 0 1 1 1 1 1 1 1 1 0 1 1 1 1 1 1 1 1 0 2 0 2 2 0 0 1 2 1 2 2 2 2 2 1 0 1 1 2 1 1 1 1 2 2 0 0 1 0 0 1 2 2 2 1 2 1 2 1 1 0 1 1 1 1 0 1 1 0 0 0 1 0 2 1 1 2 2 2 2 1 1 1 1 1 1 1 1 1 1 0 1 1 0 0 1 1 2 1 2 0 1 1 2 1 0 1 1 2 2 2 1 1 2 1 0 0 1 0 2 2 1 2 0 1 
1 1 1 0 1 1 0 1 1 1 1 0 1 1 1 1 1 1 1 0 1 1 1 1 1 0 1 1 0 1 0 1 1 0 1 0 1 1 1 1 1 0 1 1 1 0 1 1 1 1 0 1 1 1 2 1 1 0 2 2 2 1 0 1 2 1 2 2 1 1 2 1 2 1 0 1 2 2 1 2 1 0 2 2 1 1 1 1 1 0 1 0 0 0 1 1 1 1 1 1 0 1 1 1 1 1 1 1 1 1 1 0 1 1 0 1 1 1 1 0 1 1 1 1 1 1 0 1 1 0 0 0 2 2 2 1 2 0 2 1 1 0 2 2 1 0 2 2 2 1 1 0 1 2 2 2 1 2 2 1 
1 1 1 1 1 0 1 0 1 1 0 0 1 1 1 1 1 0 1 1 0 1 1 1 1 0 1 1 1 1 1 1 1 1 1 1 1 0 1 0 1 1 1 0 1 0 1 1 1 1 1 1 1 2 2 0 2 1 2 0 0 2 1 0 2 0 2 1 0 2 2 2 0 1 1 1 1 2 2 1 2 1 1 2 0 1 1 1 1 0 1 0 1 1 1 1 0 1 0 1 1 1 1 1 0 1 1 1 1 1 1 1 1 1 1 1 1 1 1 1 0 0 1 1 1 1 1 1 1 1 0 0 0 2 1 0 2 1 2 1 1 0 0 2 1 1 1 1 2 0 1 0 2 1 0 2 2 2 1 0 
0 0 1 1 1 1 1 1 0 1 1 1 1 1 0 1 1 1 1 1 1 1 1 1 0 1 1 1 1 0 1 1 1 1 1 1 1 1 1 1 0 1 1 0 1 1 1 1 1 1 1 1 0 1 1 1 1 2 1 0 2 0 1 0 2 2 1 0 0 1 0 1 2 2 1 2 0 1 2 1 1 1 1 2 1 1 0 1 0 1 1 1 1 1 1 1 1 1 0 1 1 1 1 1 1 1 1 0 1 1 1 1 0 0 1 1 1 1 1 1 1 1 1 1 0 1 1 1 1 1 1 1 2 1 2 2 2 1 0 2 1 1 2 2 2 2 0 1 0 1 1 2 1 0 2 0 2 1 2 1 
1 1 1 1 1 1 1 1 0 1 1 1 1 1 1 0 1 1 1 1 0 1 1 1 1 1 1 1 1 0 1 1 1 1 1 1 0 1 0 1 1 1 1 0 1 1 0 0 0 0 1 1 0 0 0 0 0 1 2 2 1 2 0 1 1 1 0 1 1 0 1 1 2 1 2 2 1 2 0 1 2 1 2 1 1 1 1 0 1 1 1 1 1 1 1 1 1 1 1 1 1 1 1 1 0 0 1 1 1 1 1 1 1 0 0 1 1 1 1 1 1 1 1 1 1 0 0 1 0 1 1 1 2 0 1 0 2 1 2 0 2 1 0 2 2 0 1 0 2 1 2 2 1 2 0 1 2 0 2 1 
1 1 1 0 1 1 0 1 1 1 1 1 1 1 1 1 1 1 0 1 1 1 0 1 1 1 1 1 1 1 1 1 1 0 0 1 1 1 1 1 0 1 1 1 0 1 1 1 1 1 1 1 1 1 1 1 2 1 1 2 2 2 1 2 2 2 2 1 0 2 1 1 2 2 2 0 0 1 0 2 0 2 1 2 1 1 1 1 1 1 1 1 1 0 1 1 1 0 1 1 1 1 1 1 0 1 1 1 0 0 1 1 1 1 1 1 1 1 1 1 0 1 1 0 1 1 1 1 0 1 1 1 2 2 0 1 2 0 2 2 1 2 2 2 1 1 1 2 1 0 2 2 2 2 1 2 2 2 1 0 
1 1 1 1 0 0 1 1 1 1 0 1 1 1 1 1 0 1 0 1 0 1 1 0 1 0 1 1 1 0 1 1 1 1 1 1 1 1 1 1 1 0 1 1 1 1 0 1 1 1 1 1 1 1 1 1 1 2 2 2 2 1 2 0 2 1 2 2 1 1 2 1 0 1 0 1 1 0 1 2 2 2 0 2 0 0 0 0 0 1 0 1 0 1 1 1 1 1 1 1 1 1 0 1 0 1 1 0 0 1 1 1 1 1 1 1 1 1 1 1 1 0 1 1 0 1 0 1 0 1 1 1 2 2 2 1 2 0 2 2 2 2 2 0 1 1 1 2 2 0 2 2 0 2 1 1 2 0 2 1 
1 1 0 1 0 1 0 1 0 0 1 1 1 1 1 1 1 1 1 0 1 0 0 1 0 0 1 0 1 0 1 0 1 1 0 1 1 1 1 1 1 1 1 1 1 1 1 1 0 1 1 1 0 1 1 0 2 0 1 0 1 0 0 2 0 2 1 1 1 1 1 2 0 2 1 0 0 0 2 2 1 2 1 2 1 0 1 1 1 1 1 1 1 1 1 1 1 1 1 1 1 1 1 1 1 1 1 0 1 1 1 1 1 1 1 1 1 1 0 1 1 0 1 0 1 0 1 0 0 1 1 1 2 2 2 1 0 2 1 2 1 1 2 2 2 1 1 2 2 0 2 0 1 1 2 1 1 2 2 2 
1 1 1 1 1 0 1 1 1 1 1 1 0 1 1 1 1 0 1 1 0 1 0 1 1 1 0 1 1 1 1 1 1 1 1 0 1 1 1 1 1 0 1 1 1 1 1 0 1 1 1 1 1 1 2 1 1 0 1 1 2 2 0 1 2 1 1 0 1 2 1 1 0 0 1 1 1 2 2 1 2 1 1 2 1 1 0 1 1 1 0 1 1 1 1 1 1 1 1 1 1 1 1 1 1 1 1 1 0 0 0 1 0 1 1 1 1 1 1 1 1 1 1 1 0 1 1 1 1 1 1 1 2 0 0 2 1 1 1 2 1 1 1 2 2 1 2 1 1 0 2 2 2 0 2 1 1 1 1 1 
1 0 1 1 1 0 1 1 0 0 1 1 1 1 1 1 0 1 1 1 1 1 1 1 1 0 1 1 0 1 1 0 1 1 1 0 1 1 1 1 1 1 1 0 1 0 1 1 1 1 1 0 1 2 0 1 2 2 2 2 2 1 2 1 0 2 2 1 2 2 2 1 1 2 1 0 1 0 2 1 0 1 0 2 1 1 1 0 1 1 1 1 1 0 1 1 1 1 1 1 1 1 1 1 1 1 1 1 1 1 1 1 0 1 1 1 1 1 1 1 1 1 1 1 1 1 1 1 0 1 0 1 1 2 2 2 1 2 0 2 2 0 1 1 1 2 0 2 0 1 0 0 2 1 1 0 1 2 1 2 
1 0 1 0 1 1 0 0 0 1 1 0 1 1 1 1 1 1 1 1 1 1 0 1 1 1 1 1 1 1 1 0 1 1 1 1 0 0 1 0 0 1 1 1 0 1 1 1 1 0 1 1 1 2 2 0 1 0 0 2 1 2 2 0 1 2 0 2 1 2 0 1 0 2 1 0 2 1 1 1 2 0 1 2 1 1 1 1 1 1 1 1 1 1 1 1 1 1 0 1 1 1 1 1 1 1 1 1 1 0 1 1 1 1 0 0 1 1 1 1 1 1 1 0 1 1 1 0 1 1 1 1 2 1 1 2 2 1 0 1 1 2 2 1 0 1 1 1 2 1 2 2 1 0 1 1 2 2 2 0 
0 1 0 1 1 1 1 1 0 0 0 1 0 1 1 1 1 1 1 0 1 1 1 1 1 1 1 1 1 1 0 1 0 1 0 1 1 1 1 1 0 1 0 1 1 1 0 1 1 1 1 0 1 0 1 2 2 2 2 1 1 1 2 2 1 2 2 1 1 0 1 1 2 1 2 1 2 1 2 2 1 2 1 0 0 1 1 0 1 1 1 1 1 1 1 0 1 1 1 1 0 0 1 1 1 1 1 1 1 0 1 1 1 1 1 1 1 1 1 1 1 0 0 1 1 1 1 1 0 1 1 1 1 2 1 0 0 2 2 2 0 2 2 1 1 0 0 1 1 1 2 0 2 1 1 0 2 1 0 0 
1 1 1 0 1 1 0 1 1 0 1 0 1 1 0 0 0 1 1 1 1 1 1 0 1 1 1 1 1 1 1 1 1 1 1 1 1 1 1 1 1 1 0 0 1 1 1 1 1 1 1 1 1 1 0 2 2 1 1 0 2 1 0 2 2 2 2 1 2 2 2 2 2 1 0 0 1 1 2 0 2 2 2 2 1 1 1 1 1 1 1 1 1 1 0 1 0 1 1 1 1 1 0 1 1 1 1 1 0 1 0 1 1 1 1 1 1 1 1 0 1 1 0 1 0 1 1 1 0 0 1 1 2 1 2 2 0 0 1 0 2 1 1 1 1 0 1 0 1 1 2 1 2 2 0 1 2 1 2 1 
1 1 1 1 1 1 1 1 1 1 1 1 1 1 1 0 1 1 1 1 1 1 0 1 1 1 0 1 1 1 0 1 1 1 1 0 1 1 1 1 0 1 1 0 1 0 1 1 1 1 0 1 1 0 0 1 2 2 1 1 2 2 1 1 2 1 1 1 2 2 2 0 2 2 2 2 2 1 0 2 0 1 2 2 1 1 1 0 1 1 1 0 1 0 1 1 1 1 0 1 1 1 1 1 1 1 1 1 1 1 1 0 1 1 1 1 0 1 1 1 1 1 0 0 1 1 0 1 1 1 1 0 1 0 0 2 1 1 1 0 1 2 2 0 1 0 1 0 1 1 1 2 2 2 1 1 1 2 2 1 
1 1 1 1 1 1 1 1 1 0 1 1 1 1 1 1 1 1 1 1 1 1 1 1 1 1 1 0 0 1 1 1 1 1 1 1 1 1 1 1 1 1 1 1 1 0 1 1 1 1 0 1 1 0 2 1 1 2 1 2 2 2 1 1 2 2 1 2 2 1 1 0 1 2 1 0 1 1 2 0 0 1 2 1 1 1 1 1 1 0 0 0 1 1 1 1 1 1 1 1 1 1 1 1 1 1 0 1 1 1 0 1 1 1 1 1 0 1 1 1 1 1 1 1 1 0 1 1 1 1 1 1 1 0 2 1 2 2 1 2 0 0 2 1 2 1 2 2 2 2 2 0 1 2 1 0 2 2 2 1 
a a a a a a a a a a a a a a a a a a a a a a a a a a a a a a a a a a a a a a a a a a a a a a a a a a a a a a b a a a a b b a a b b a a a b b a b a b a b a b b a a a a b a a a a a a a a a a a a a a a a a a a a a a a a a a a a a a a a a a a a a a a a a a a a a a a a a a a a b a b b b a a b a b b b b a a a a b b a a a a a 
1 1 1 1 1 1 0 1 1 1 1 1 1 1 1 1 1 1 0 1 1 1 0 1 0 0 1 0 1 1 1 1 0 1 1 1 1 1 0 1 1 1 1 0 1 1 1 1 1 1 1 1 1 1 2 1 0 2 2 2 1 0 1 2 2 1 2 1 2 2 2 2 1 1 0 2 2 2 1 2 0 1 2 2 1 1 1 0 0 1 0 1 0 0 1 0 1 1 0 1 1 1 1 0 1 0 1 0 1 1 1 1 1 1 0 1 1 0 1 1 1 1 1 1 1 0 1 1 1 0 1 1 2 1 1 2 2 2 0 0 2 1 2 0 1 2 1 1 2 1 2 1 2 0 2 2 2 1 2 1 
0 0 0 1 1 1 1 1 1 1 1 1 0 1 0 1 1 1 1 0 1 1 1 1 0 1 1 1 1 1 1 1 0 1 1 1 1 1 1 1 1 1 1 1 1 1 1 1 1 1 1 1 1 1 1 0 2 0 1 1 0 2 1 0 2 1 2 2 1 2 2 2 1 1 2 1 2 2 0 0 1 2 1 2 1 1 1 1 0 1 1 1 1 1 0 0 1 0 0 0 1 1 1 1 1 1 1 0 1 1 1 0 1 0 1 0 1 1 1 0 1 1 1 0 1 1 1 1 1 1 1 0 1 1 1 2 1 0 1 0 2 2 2 2 0 1 1 0 2 1 0 1 2 1 1 0 2 2 2 1 
1 0 1 1 1 1 0 1 1 1 1 1 1 0 1 1 0 1 1 1 0 1 1 1 1 1 1 1 1 1 0 1 1 1 0 0 1 1 0 1 1 1 1 1 1 0 1 1 1 1 0 1 1 1 1 1 1 0 1 1 2 2 1 2 1 0 2 1 1 2 1 2 2 2 2 1 1 1 2 2 2 1 2 1 1 1 1 1 1 1 0 1 1 1 0 1 1 1 1 1 0 1 1 1 1 0 1 1 0 0 1 1 1 1 1 1 1 0 0 1 1 0 0 0 0 0 1 1 1 1 1 1 2 1 2 1 0 1 0 1 1 1 1 2 2 2 2 1 1 1 2 2 1 0 0 1 2 2 2 1 
1 1 1 1 1 1 1 1 1 1 0 1 1 0 1 1 1 1 1 1 0 1 1 1 1 1 1 1 1 0 1 0 1 1 1 1 1 1 1 1 0 0 0 0 1 1 0 1 1 0 1 1 1 2 1 2 0 1 1 2 0 2 2 1 2 2 0 1 2 1 1 2 2 2 2 2 1 1 2 1 2 1 1 1 1 1 1 1 1 0 1 1 1 1 1 1 0 0 1 0 1 1 1 1 1 1 1 1 1 1 1 1 1 1 1 1 1 1 1 1 1 1 1 1 1 0 1 1 1 1 1 1 0 2 1 0 1 1 1 1 2 1 0 0 1 2 0 2 1 2 0 1 2 2 2 2 1 2 2 2 
1 1 1 1 1 1 1 1 1 1 0 1 0 1 1 0 1 0 1 1 1 0 1 1 1 1 1 0 1 0 1 1 1 1 1 1 1 1 1 1 1 1 1 0 0 1 0 1 1 1 0 0 1 1 1 1 0 1 1 1 1 1 1 1 1 1 1 1 1 1 0 0 1 1 1 0 1 1 1 0 1 0 1 0 0 0 1 1 0 1 1 1 0 1 1 0 0 0 0 1 1 1 0 1 1 0 1 1 0 0 0 1 0 0 1 1 1 0 1 1 0 0 1 1 1 1 1 0 1 1 1 1 0 1 1 2 0 2 1 0 1 0 2 2 1 1 1 1 0 2 2 1 2 1 0 2 2 1 2 2 
1 1 1 1 0 1 1 0 1 1 1 1 0 1 1 0 1 0 0 1 1 1 1 1 1 0 1 1 0 0 1 1 1 1 1 1 1 1 0 1 1 0 1 1 1 1 1 1 0 1 1 1 1 1 1 1 1 0 1 1 0 1 1 1 1 0 1 1 1 1 0 1 0 1 0 1 1 0 1 1 1 0 0 1 1 0 0 1 1 1 1 0 1 0 1 1 1 1 1 1 1 1 1 1 0 1 1 1 1 1 1 1 1 1 1 1 1 1 1 0 0 1 1 1 1 1 1 0 1 1 0 1 1 0 1 2 1 2 1 2 2 2 1 0 2 1 1 2 2 1 2 2 2 2 0 1 2 0 2 2 
1 1 1 1 1 0 1 1 1 1 1 1 1 1 1 1 1 1 0 1 1 1 1 1 0 1 1 1 1 1 1 1 1 1 1 0 1 1 1 1 1 1 1 1 1 1 0 1 1 0 0 1 0 1 1 1 1 1 0 1 1 0 1 1 1 1 1 1 0 0 1 1 0 1 1 1 1 0 0 0 1 1 1 1 1 1 1 1 0 0 1 0 1 1 1 1 0 1 1 1 1 1 1 1 0 1 1 1 1 1 1 1 1 1 1 0 1 1 0 1 1 1 1 1 0 1 1 1 1 1 0 1 1 1 0 2 2 0 2 1 2 2 2 2 1 1 1 2 0 1 0 1 2 1 1 0 2 2 0 2 
1 1 1 1 1 1 1 1 1 1 1 1 0 1 1 0 1 1 0 1 1 1 1 1 1 1 0 1 1 1 1 0 1 1 1 1 1 1 1 0 1 1 0 1 1 1 1 1 1 1 1 1 1 1 0 1 1 1 0 1 1 1 1 1 1 1 0 1 1 1 1 1 1 0 1 0 1 1 1 0 1 1 1 1 1 1 1 1 1 0 0 1 1 1 1 1 1 1 0 0 1 0 1 1 0 0 1 1 1 1 1 1 1 1 1 1 1 1 1 1 1 0 1 0 1 0 0 1 1 1 0 1 2 1 2 2 1 2 0 1 1 1 0 1 1 2 1 2 1 1 0 2 2 1 1 0 0 1 2 2 
1 1 1 1 1 1 1 0 1 1 0 0 1 1 0 1 1 1 1 0 0 1 1 1 1 1 0 1 1 1 1 0 0 0 0 1 0 1 1 1 1 1 1 1 1 1 1 1 0 1 1 1 1 1 1 1 0 1 1 1 0 0 1 1 1 1 1 0 1 0 1 1 1 1 1 0 1 1 1 1 0 1 0 1 0 1 1 1 1 1 1 1 0 1 1 1 1 1 0 1 1 1 1 1 1 1 1 1 1 0 1 1 1 1 1 1 0 1 1 1 1 1 0 1 1 1 1 0 1 0 1 1 2 2 2 2 1 2 0 0 1 2 1 2 2 2 1 1 2 2 1 2 2 1 1 1 2 2 1 2 
1 1 1 1 0 0 1 1 1 1 0 1 1 0 1 1 0 0 1 1 1 0 1 1 1 0 1 1 1 1 1 1 1 0 0 1 1 1 1 1 1 1 1 1 1 1 1 1 0 1 1 0 0 1 1 1 1 1 1 1 1 1 0 1 1 1 1 0 1 1 0 1 1 1 1 0 1 1 1 1 1 1 1 0 1 1 1 1 1 0 1 1 1 1 1 1 1 1 1 1 0 1 1 0 1 1 1 1 1 1 1 1 1 1 1 0 0 1 0 1 1 0 1 0 0 1 1 1 1 1 1 1 1 0 0 2 2 1 2 1 2 2 2 1 1 2 0 2 1 1 1 0 1 0 2 2 0 2 1 0 
0 1 0 1 1 1 1 1 1 1 1 1 1 1 1 1 1 1 0 1 1 0 1 0 1 1 1 1 1 1 1 1 0 0 1 1 1 1 1 1 1 1 1 1 1 1 0 0 0 0 1 0 0 1 1 1 1 1 1 1 1 1 1 1 1 1 1 1 1 1 1 1 1 0 0 1 1 1 1 1 1 1 1 1 0 1 1 1 1 1 1 1 1 1 1 1 0 1 1 1 0 1 1 1 1 0 1 0 1 1 1 1 0 1 1 1 1 1 1 0 1 1 0 1 1 1 1 1 1 1 0 1 1 0 0 1 2 2 0 1 2 2 2 0 2 0 2 2 1 0 1 1 1 2 1 0 2 2 1 2 
1 1 1 1 1 1 1 0 1 1 1 1 1 1 1 1 1 1 1 1 1 1 1 1 1 1 1 1 1 1 1 1 1 1 1 1 1 0 1 0 0 0 1 0 1 1 1 1 0 1 1 1 1 1 0 1 0 0 1 0 1 0 1 1 1 0 1 1 0 1 1 0 1 1 1 0 1 1 1 1 1 1 0 1 0 0 0 1 1 1 0 1 1 1 0 0 1 1 1 1 0 1 1 0 0 0 1 0 1 1 0 1 0 1 0 1 1 1 1 1 1 1 1 1 1 1 1 1 0 0 1 1 2 2 1 1 1 1 2 2 1 2 1 1 1 1 1 1 0 0 2 1 2 2 1 1 2 0 1 2 
1 1 1 0 1 0 1 0 1 1 1 1 0 0 1 1 1 1 1 1 1 1 0 0 1 1 1 1 1 1 1 0 1 1 0 1 0 1 1 0 1 0 1 1 1 1 1 1 1 1 1 1 1 1 1 0 1 1 1 1 1 1 1 1 1 1 0 1 1 1 1 1 1 1 1 1 1 1 1 1 1 0 0 1 1 0 0 1 1 0 1 0 0 1 1 1 1 1 1 0 1 0 1 1 1 1 0 0 1 1 1 1 0 1 1 1 1 1 0 1 1 0 1 1 1 0 1 0 1 1 1 1 0 1 2 1 0 2 2 2 1 1 0 1 2 2 1 1 1 2 2 2 2 0 2 2 2 0 0 0 
1 1 1 1 1 1 0 1 1 0 1 1 1 1 1 1 1 1 1 1 1 1 1 1 0 1 1 1 0 1 1 0 1 0 1 0 1 0 1 1 1 0 0 1 1 1 0 1 1 1 1 1 1 1 0 1 1 1 1 1 1 1 0 1 0 1 1 0 1 1 1 1 1 1 1 1 1 1 1 1 1 0 1 1 1 1 1 1 1 1 1 1 1 1 1 1 1 1 1 1 0 1 1 1 1 1 0 1 1 1 1 1 1 1 1 1 1 1 1 1 1 1 1 1 1 0 1 1 0 0 1 1 0 1 1 1 1 1 1 1 1 1 1 1 1 1 1 1 1 1 0 0 0 1 1 1 1 1 0 1 
0 0 1 1 0 0 1 1 1 0 1 1 1 0 1 1 1 1 0 0 1 1 1 1 0 1 1 1 1 0 1 1 0 1 1 0 0 1 1 0 1 1 1 0 1 0 1 0 1 1 0 1 1 0 1 1 1 1 1 0 1 1 1 1 1 1 1 1 1 0 1 1 1 1 1 0 0 1 1 1 1 1 1 1 1 0 1 0 0 1 0 1 1 1 1 1 0 1 1 1 1 0 1 1 1 1 1 1 1 1 1 0 0 1 1 1 1 1 0 1 1 1 1 0 1 1 1 1 1 1 1 1 1 1 1 1 1 1 1 1 1 1 0 1 1 0 1 1 1 1 0 1 1 1 1 1 1 0 1 1 
1 0 1 0 0 1 0 1 1 1 0 1 1 0 1 1 1 1 1 1 1 1 0 1 1 1 1 1 1 1 0 1 1 1 1 0 1 1 1 1 1 1 1 1 0 1 0 0 0 1 1 1 0 0 1 1 0 1 1 1 1 1 1 1 1 1 0 0 0 0 1 1 0 1 1 1 1 1 0 1 1 1 0 1 0 1 1 0 1 1 1 0 1 1 1 1 0 1 1 1 0 1 1 1 0 1 1 1 1 0 0 0 1 1 0 1 1 1 0 1 1 1 1 0 1 1 1 1 1 1 1 1 1 1 0 1 1 1 0 1 1 1 1 1 0 1 1 1 0 0 1 1 1 0 0 0 1 1 1 1 
0 1 1 1 1 1 1 1 1 1 1 0 1 1 1 1 1 0 0 0 1 1 0 0 0 1 1 1 1 0 1 1 1 1 1 1 1 1 1 1 1 0 1 1 1 1 1 1 1 1 1 1 1 1 1 1 1 0 0 1 1 1 1 0 1 1 1 0 1 1 1 1 0 1 1 1 1 1 1 0 1 1 1 1 0 1 1 1 1 1 1 1 1 1 0 1 0 1 1 1 1 0 0 1 1 1 1 1 1 1 1 1 1 1 1 1 1 1 1 1 0 1 1 1 1 1 0 1 1 0 1 1 1 0 0 1 1 1 1 1 1 0 0 1 1 1 1 1 1 1 1 1 1 1 1 0 0 1 1 1 
0 1 0 1 1 1 1 1 1 1 0 1 1 0 1 1 0 1 1 1 1 1 0 1 0 1 0 0 1 1 1 1 0 1 1 1 1 1 0 1 1 0 0 1 1 0 1 1 1 1 0 1 1 1 1 1 1 1 1 1 1 1 1 1 1 1 1 1 1 0 1 1 0 1 1 1 1 1 0 1 1 1 1 1 1 0 1 1 1 1 1 1 1 1 1 1 1 1 1 0 0 1 1 0 1 1 1 0 1 1 1 0 1 0 1 1 1 1 0 1 1 1 1 1 1 1 1 1 1 0 1 1 1 1 1 0 1 1 1 0 1 1 0 0 1 0 1 1 1 1 1 1 0 0 0 1 1 0 1 0 
1 1 1 1 1 1 1 1 1 1 1 1 0 1 1 1 1 1 1 1 1 1 1 0 1 1 1 1 1 0 1 1 1 1 0 1 1 1 0 1 0 0 1 1 1 1 1 1 0 1 1 0 0 1 0 1 1 0 0 1 0 1 1 1 1 1 1 0 1 0 1 1 1 1 1 1 1 1 1 0 1 1 1 0 1 1 1 1 1 0 1 1 1 0 1 1 0 0 1 1 1 1 1 0 1 1 1 1 0 0 0 0 1 1 0 1 1 1 1 1 1 1 1 1 1 1 1 0 1 0 0 1 1 1 0 1 0 1 1 1 0 0 1 1 1 1 1 0 1 1 0 1 1 1 1 0 1 0 1 1 
1 1 1 1 1 1 1 1 1 0 1 1 1 1 1 0 1 1 1 1 0 0 0 0 1 0 0 0 1 1 1 1 1 0 1 1 1 0 1 0 1 1 1 1 1 1 1 1 0 1 1 0 0 1 1 1 1 1 1 1 1 0 1 0 1 0 0 1 0 1 0 0 0 1 1 1 1 1 1 1 0 1 1 1 0 1 1 1 1 0 1 1 1 1 0 1 1 1 0 1 1 0 1 1 0 0 1 1 0 1 1 1 0 1 0 0 1 1 1 0 0 1 1 0 1 0 0 0 1 1 1 0 1 1 1 1 1 1 1 1 1 0 1 1 1 1 1 1 1 1 1 1 1 1 1 1 1 1 1 1 
1 1 1 1 1 0 1 1 1 1 1 0 1 1 0 1 1 1 0 1 0 1 1 1 1 0 1 1 1 1 0 1 1 1 1 1 1 1 1 1 1 1 1 1 0 1 1 1 0 0 0 1 1 1 1 1 1 1 1 0 1 1 1 1 1 1 1 1 0 1 0 0 1 1 1 0 1 1 1 1 0 1 1 0 1 1 1 0 1 0 1 1 0 1 0 1 1 1 1 0 1 1 0 1 1 1 1 1 1 1 1 1 0 1 1 1 1 0 1 1 1 1 1 1 1 0 1 1 1 0 1 1 1 1 1 0 1 1 1 1 0 1 0 1 1 0 1 1 1 1 1 1 1 0 1 1 1 1 1 1 
1 1 1 0 0 0 1 1 1 0 1 0 1 1 1 0 1 0 1 1 0 1 1 1 1 0 1 0 1 1 1 0 0 1 1 1 1 1 1 1 0 1 1 1 1 1 1 1 1 1 1 1 1 1 1 1 1 1 1 0 1 1 1 1 1 1 0 1 0 0 1 1 1 1 1 0 1 1 0 1 0 1 1 1 1 1 1 1 0 1 1 1 1 1 1 1 1 1 1 1 1 0 1 1 0 1 1 0 1 1 1 1 1 1 0 0 1 1 1 1 1 0 1 1 1 1 1 0 0 1 0 1 1 1 1 1 1 1 1 1 1 1 1 0 0 1 1 1 1 1 1 1 1 1 0 1 1 1 1 1 
1 0 1 1 1 1 1 1 1 1 1 1 1 0 1 1 0 1 1 1 1 1 1 1 1 1 0 0 1 1 1 1 1 1 1 1 1 1 1 1 1 1 0 1 0 1 1 1 1 1 1 0 1 1 0 1 1 1 0 1 1 1 1 1 1 0 1 1 1 1 1 1 1 1 1 0 1 1 1 1 1 1 1 1 0 1 1 1 0 1 0 1 1 1 1 1 1 1 1 1 1 0 1 1 1 1 1 1 1 1 1 1 1 0 1 1 1 1 0 0 1 1 1 1 1 1 1 1 1 1 1 1 0 1 1 1 0 1 0 1 1 0 1 1 1 1 1 1 1 0 1 1 1 0 1 1 1 0 1 0 
1 1 0 1 1 1 1 1 1 0 0 1 0 0 1 1 1 1 0 1 1 1 1 1 1 1 1 1 1 1 1 1 1 0 0 1 1 1 1 1 1 1 1 1 1 1 1 1 1 1 1 1 1 1 1 1 1 1 0 1 1 1 1 1 1 1 1 1 0 1 1 1 1 0 1 1 0 1 1 1 1 1 1 1 1 1 0 0 1 0 0 1 1 0 0 1 1 0 1 1 1 0 1 1 0 1 0 1 1 1 1 1 1 1 1 1 0 1 1 1 1 1 1 1 1 1 1 1 1 1 1 1 1 1 1 0 1 1 1 1 1 1 1 0 1 0 1 0 1 1 1 1 1 1 0 1 1 1 0 1 
1 0 1 1 1 0 1 1 1 1 1 1 1 1 1 1 0 1 1 1 0 1 1 1 1 0 1 1 1 0 1 1 1 1 1 1 1 1 1 1 1 1 1 0 0 1 1 1 1 1 0 0 1 1 1 1 1 0 1 0 1 0 0 1 1 1 0 1 1 0 1 1 1 1 1 1 1 1 1 1 1 0 1 1 1 1 1 0 1 0 1 0 1 1 1 1 1 1 1 1 1 1 0 1 1 0 1 0 1 1 1 1 0 1 1 1 0 1 1 1 1 0 1 1 1 1 1 1 1 1 1 0 1 1 1 1 1 1 0 1 0 1 1 1 0 1 1 1 1 1 0 1 1 1 1 1 1 1 0 1 
1 1 0 1 1 1 1 1 1 1 1 1 1 1 1 1 1 1 0 0 0 0 1 1 1 1 0 1 1 1 1 1 1 1 1 0 1 1 1 0 1 1 1 1 1 1 1 1 1 1 0 1 1 0 0 1 1 1 1 1 1 1 1 1 0 1 1 0 1 1 1 1 1 1 1 1 1 1 0 1 1 1 1 1 1 1 1 1 1 1 1 0 1 1 1 1 0 1 1 0 1 0 0 1 1 1 1 1 1 0 1 0 1 1 1 1 1 1 0 1 1 1 1 1 1 1 1 1 1 1 1 1 1 1 1 0 1 1 1 1 1 1 0 1 0 1 1 0 1 1 1 0 1 1 0 1 1 0 1 1 
1 1 1 1 1 1 1 1 1 1 1 1 1 1 1 1 1 1 0 0 1 1 1 1 1 1 1 1 1 1 0 1 1 1 1 1 0 1 1 1 1 0 1 1 1 1 1 1 0 0 1 1 0 1 1 1 1 1 1 1 1 1 1 1 1 1 1 1 0 1 1 0 1 0 1 1 1 0 1 1 0 0 0 1 1 1 1 1 1 1 1 1 0 0 1 0 1 1 1 1 1 1 1 1 1 0 0 1 1 1 0 1 1 1 1 1 1 1 1 1 1 1 1 1 1 1 1 1 1 0 0 1 1 0 1 0 1 1 1 0 1 1 1 1 1 1 1 1 0 1 1 0 1 1 0 1 1 0 0 1 
1 1 1 0 1 0 0 0 0 1 1 0 1 0 1 1 0 1 1 1 1 0 0 1 0 1 1 0 1 1 1 1 1 1 1 1 1 1 1 1 1 1 1 1 1 0 0 1 1 1 1 1 1 1 1 1 0 1 1 1 1 1 0 1 1 1 1 1 1 1 1 1 1 0 1 1 1 1 0 1 1 1 0 1 1 1 1 1 1 0 1 0 0 0 1 1 1 1 1 1 0 0 1 1 1 1 1 0 1 1 1 1 0 1 1 1 1 0 1 1 1 0 1 0 1 1 0 1 1 0 1 1 1 1 1 1 1 1 1 1 1 1 1 1 1 0 1 1 1 1 1 1 1 1 1 1 1 1 1 0 
1 1 1 0 0 1 1 1 1 1 1 0 1 0 1 1 1 1 0 0 0 0 0 1 0 1 1 0 0 1 1 1 0 1 1 1 1 0 1 1 1 1 1 1 1 1 1 1 1 1 1 1 1 1 1 1 1 1 0 1 1 1 1 1 1 1 1 1 0 1 1 1 1 1 0 1 1 1 1 0 1 1 1 0 1 1 1 1 0 0 1 1 1 1 1 1 1 1 1 1 1 1 1 0 0 0 1 1 1 1 0 1 1 0 1 0 1 0 1 0 0 1 1 1 0 1 1 1 1 0 1 0 1 1 1 0 1 1 0 0 1 1 1 0 1 0 1 1 1 0 1 0 1 1 0 1 1 1 1 1 
0 1 1 1 1 1 1 0 1 0 1 1 1 1 1 1 1 1 1 1 1 1 1 0 0 1 1 1 1 1 1 1 1 1 1 1 1 1 0 1 1 1 0 1 0 1 1 0 1 1 0 1 1 1 1 1 1 1 1 1 0 1 1 0 1 1 1 1 1 1 0 1 1 1 0 1 1 1 0 1 1 1 1 0 1 1 1 1 1 1 1 1 1 1 1 1 1 1 1 1 1 0 0 0 1 1 1 1 1 1 0 0 1 1 1 0 1 1 1 1 1 0 1 0 1 1 0 0 0 1 1 1 1 1 1 1 1 1 1 1 1 1 1 0 1 1 1 1 1 1 0 1 1 1 0 0 1 1 1 1 
1 0 1 1 1 1 1 1 1 0 1 1 1 1 1 1 1 1 1 0 1 1 1 1 1 1 1 1 0 0 1 1 1 1 1 1 1 1 0 1 1 1 1 1 1 1 1 1 1 1 1 1 1 1 1 1 1 1 1 0 1 0 1 1 1 1 1 1 1 1 1 0 0 1 1 0 0 1 1 1 1 1 1 0 1 1 0 1 0 1 0 1 1 1 0 1 1 0 1 0 0 1 1 1 1 1 0 0 1 1 1 1 1 0 0 1 1 1 1 1 1 1 1 1 0 1 0 1 1 1 1 1 1 1 1 1 1 1 1 1 1 1 1 1 1 1 1 1 1 1 1 1 1 1 1 1 1 1 1 0 
1 1 1 0 1 0 1 1 1 1 1 0 0 0 1 0 1 0 1 1 1 1 0 1 1 1 1 1 1 1 1 1 1 1 1 0 1 0 1 1 0 0 0 1 1 1 1 1 0 1 1 0 1 1 1 1 1 0 0 1 1 1 1 1 0 1 1 1 1 1 1 0 1 1 1 1 0 1 1 1 1 1 0 0 0 0 1 1 1 1 1 1 0 1 1 1 0 1 1 0 1 0 0 1 1 1 1 1 1 1 1 1 1 1 0 1 1 1 1 1 1 0 0 1 1 1 1 0 1 0 1 0 1 1 1 1 0 0 1 0 1 1 1 1 1 1 1 1 1 0 1 0 1 0 1 0 1 1 1 0 
1 0 1 1 1 1 0 1 1 1 1 1 1 1 1 0 1 1 0 1 1 1 0 1 1 0 1 0 1 1 1 1 1 1 1 1 1 0 1 1 0 1 1 1 1 1 1 1 1 1 1 1 0 1 1 1 1 1 1 1 0 1 1 0 1 1 0 1 1 1 1 0 1 1 1 1 1 1 0 0 0 1 1 1 1 1 0 0 1 1 1 1 1 1 1 1 1 1 1 0 1 1 1 1 0 1 1 1 1 1 0 1 1 0 1 0 1 1 1 0 1 1 1 1 1 1 0 0 1 1 1 1 1 0 1 1 1 1 1 1 0 1 0 1 1 1 1 1 1 1 1 1 1 1 1 1 1 0 1 1 
a a a a a a a a a a a a a a a a a a a a a a a a a a a a a a a a a a a a a a a a a a a a a a a a a a a a a a a a a a a a a a a a a a a a a a a a a a a a a a a a a a a a a a a a a a a a a a a a a a a a a a a a a a a a a a a a a a a a a a a a a a a a a a a a a a a a a a a a a a a a a a a a a a a a a a a a a a a a a a a a 
1 0 1 0 1 1 1 1 1 0 1 0 1 1 1 0 1 1 1 0 1 0 1 0 1 1 1 1 1 1 0 1 1 1 1 1 1 0 1 1 1 1 0 1 1 1 1 1 1 1 0 1 0 1 1 0 1 1 1 1 1 1 1 0 0 1 1 0 1 1 1 1 0 1 1 1 0 1 1 1 0 1 0 0 1 1 0 0 1 0 0 1 1 1 1 1 1 1 1 1 1 1 1 1 1 0 1 1 1 0 1 1 1 0 1 1 1 1 0 1 1 1 1 0 1 1 0 1 1 1 1 1 1 1 0 1 1 0 0 1 1 1 1 1 1 1 1 1 1 0 1 1 1 1 0 1 1 0 1 1 
1 1 1 1 1 1 1 1 0 1 0 0 0 1 1 0 1 1 1 1 0 0 2 2 1 2 2 0 1 1 0 2 0 1 2 2 1 2 1 2 2 2 2 2 1 1 1 1 2 0 1 2 1 1 1 1 1 1 1 1 1 1 0 0 1 0 1 0 1 1 1 1 1 0 1 0 1 1 1 0 0 1 1 1 0 0 1 1 0 0 1 1 1 1 1 1 0 0 0 1 1 1 1 1 1 1 1 0 1 1 1 1 1 1 1 0 1 1 1 1 1 0 1 1 1 1 1 1 1 0 1 1 1 1 1 1 1 0 1 1 0 1 1 0 1 1 1 1 1 1 1 1 1 1 1 0 0 1 1 1 
1 1 1 1 1 0 1 1 1 1 0 1 1 1 1 0 0 1 1 1 1 1 1 2 2 0 2 2 2 0 2 2 1 0 0 0 2 0 1 0 1 2 2 1 0 2 1 1 2 1 1 2 2 1 1 1 1 1 1 1 1 1 0 0 1 1 1 1 1 1 0 1 1 1 1 0 1 1 1 1 1 1 0 1 1 1 1 0 1 0 1 1 1 1 1 0 1 1 1 1 1 1 1 1 0 0 1 1 1 1 1 1 1 1 1 1 0 1 1 1 1 1 1 1 1 1 1 1 0 1 0 1 1 1 0 1 1 1 1 0 1 1 1 1 1 1 1 1 1 1 1 1 1 0 1 1 1 1 1 1 
0 1 0 1 1 0 1 1 1 1 1 1 1 1 1 1 1 1 1 1 1 1 1 0 1 2 2 2 1 1 1 0 1 1 1 0 2 1 1 1 1 1 1 2 2 2 1 0 2 2 2 1 2 1 0 1 0 1 0 1 1 0 1 1 0 1 1 1 1 1 1 1 1 0 1 1 1 1 1 1 1 1 1 1 1 1 0 1 0 1 0 1 0 1 1 1 1 1 1 1 0 1 1 1 1 0 1 1 0 1 0 0 1 1 1 1 0 1 0 1 1 1 1 1 1 0 1 1 1 0 1 0 1 1 1 0 1 1 0 1 1 1 1 1 1 1 0 1 0 1 1 1 1 0 1 1 1 1 1 1 
1 0 0 0 1 1 0 0 1 1 1 1 1 1 1 0 1 1 1 0 0 1 2 2 2 2 1 2 0 2 0 0 0 0 2 2 1 0 2 1 1 2 1 2 2 1 2 1 1 2 0 2 2 0 1 1 0 1 0 1 1 0 1 1 1 1 1 1 1 1 1 1 1 0 0 1 1 1 1 0 1 0 1 1 1 1 1 1 1 1 1 0 1 1 0 1 1 1 1 1 1 1 0 1 1 1 0 1 0 1 1 1 0 0 1 1 1 1 1 1 1 1 1 1 1 1 1 1 1 1 1 1 1 0 0 1 1 1 0 0 1 1 0 1 1 1 1 1 1 0 1 1 1 1 0 1 0 1 1 0 
1 1 1 1 1 1 1 1 1 0 1 1 1 1 1 0 1 1 0 1 0 1 1 2 1 0 1 2 1 2 1 1 1 2 1 1 1 0 2 0 2 1 2 1 1 2 1 2 0 2 0 0 2 1 0 0 1 1 1 1 1 1 0 1 1 1 1 1 1 0 1 1 0 0 1 0 1 1 1 1 1 0 1 1 1 1 1 1 1 1 1 1 1 0 0 1 0 1 1 1 1 1 1 1 1 1 1 1 1 1 0 1 1 1 1 0 1 1 0 1 0 1 1 1 1 0 0 1 1 1 1 1 0 1 1 0 1 1 1 0 0 1 1 1 1 1 0 1 1 1 1 1 1 1 1 1 1 1 1 1 
1 1 1 1 0 0 0 1 0 1 1 1 1 0 1 0 0 1 1 1 0 1 0 2 0 1 1 1 1 1 2 1 2 2 0 0 2 2 0 1 1 2 1 2 2 1 2 1 1 2 2 1 2 1 1 1 1 1 1 1 1 1 1 1 0 1 1 1 1 0 1 0 0 1 1 1 0 0 1 1 0 1 0 1 1 0 1 1 1 1 1 0 1 1 1 0 1 1 0 1 1 1 1 0 1 1 0 1 1 1 0 1 0 0 0 1 1 0 1 1 0 1 1 1 1 1 1 1 1 0 1 0 1 1 1 1 1 1 1 1 1 1 1 0 0 1 1 1 1 1 1 1 0 1 1 0 1 1 1 1 
1 0 1 1 1 1 1 1 1 1 1 1 1 1 1 1 1 1 1 0 1 1 1 2 1 1 1 0 1 2 1 2 1 1 2 2 0 2 2 1 2 2 2 1 2 2 2 1 2 2 2 2 1 0 1 1 1 0 1 1 1 0 1 1 1 1 1 0 1 0 1 1 1 1 0 1 1 1 1 1 1 1 1 0 1 1 1 1 1 0 1 1 1 0 1 1 1 0 1 1 0 1 0 1 1 0 1 1 1 1 1 1 1 1 1 1 1 0 1 1 1 0 1 1 0 1 1 1 1 1 1 0 1 1 1 1 1 1 1 1 1 1 0 1 1 1 1 1 1 1 1 0 1 0 1 0 1 1 0 1 
1 1 1 1 1 1 1 0 1 1 1 1 0 1 1 1 1 1 1 1 1 1 1 0 2 1 0 0 1 1 0 1 1 1 2 1 0 2 1 2 0 0 0 2 2 1 1 1 2 2 2 2 0 1 0 1 1 1 1 0 0 1 1 1 1 1 1 1 1 0 0 1 1 1 1 1 1 1 1 1 1 1 1 1 1 1 1 1 0 1 1 1 1 1 1 1 0 1 1 1 0 0 1 1 1 0 1 0 1 1 0 1 1 1 1 1 1 1 1 0 1 1 1 1 1 1 1 0 1 1 1 1 0 1 0 1 1 1 1 1 1 1 1 1 1 1 1 0 1 0 0 1 0 1 1 0 0 1 1 1 
1 1 0 1 1 1 0 0 1 1 1 0 0 1 1 1 0 1 1 1 0 1 2 2 0 2 0 2 1 0 1 2 1 1 1 2 1 1 2 2 1 0 2 1 2 2 2 2 1 0 0 2 1 1 1 0 1 1 1 1 1 0 1 0 1 0 1 1 1 1 1 1 0 1 0 1 1 1 0 1 1 1 1 1 1 1 1 1 1 1 1 1 0 1 1 1 0 1 1 0 1 1 1 1 1 1 1 1 1 0 0 1 1 1 0 1 1 1 1 1 1 1 1 1 1 1 1 1 1 0 1 1 1 1 0 1 1 0 0 1 1 1 0 0 1 0 1 1 1 1 1 0 1 1 0 1 1 1 1 1 
1 0 0 1 1 1 1 1 1 1 1 0 1 1 1 1 1 1 1 1 0 1 1 2 2 1 1 2 2 1 0 0 1 2 1 1 0 0 0 2 1 0 1 2 2 2 1 1 2 2 2 2 1 0 1 0 1 1 1 1 1 1 1 1 1 1 1 1 1 1 1 1 1 1 1 0 1 0 1 1 1 1 1 1 1 1 0 1 1 1 1 1 1 1 0 1 1 0 1 1 1 1 1 1 1 1 0 1 1 0 1 1 1 1 1 1 1 0 1 1 1 0 1 0 1 0 1 1 1 1 1 1 0 0 1 1 1 1 1 1 1 1 1 1 1 0 1 1 1 0 1 1 1 1 0 1 1 0 1 1 
1 1 1 1 1 1 1 1 0 1 1 1 1 1 1 1 0 1 1 1 1 1 0 1 2 2 2 0 1 2 2 1 1 2 2 2 1 1 0 2 2 0 0 2 1 2 2 1 2 1 2 1 2 1 0 1 1 1 0 1 1 1 1 1 0 1 1 0 1 1 0 0 1 1 1 1 1 1 1 0 1 1 1 1 0 1 1 1 1 1 1 0 0 0 1 0 1 0 1 1 1 1 1 1 0 1 1 1 0 1 1 1 1 1 0 1 0 1 1 1 1 0 1 1 1 1 1 1 1 1 1 1 1 1 1 1 1 1 1 1 1 1 1 1 1 1 0 0 1 1 1 1 0 0 1 1 0 0 1 0 
1 1 1 0 0 1 1 1 1 1 0 0 0 0 1 1 1 1 1 0 0 1 2 0 2 1 2 1 2 1 1 1 2 2 2 1 2 2 2 1 2 0 1 2 0 2 0 1 1 0 0 1 1 1 1 1 1 0 1 1 1 0 1 1 1 0 0 1 1 0 1 0 1 1 1 1 1 1 0 0 1 1 1 1 1 1 0 1 1 1 1 1 0 0 1 1 0 1 1 0 1 1 1 1 1 1 2 0 0 0 0 1 2 1 2 2 0 2 2 2 0 1 0 1 0 2 0 1 2 2 1 1 0 2 0 1 1 1 0 0 1 1 1 1 1 1 1 1 0 1 0 1 0 1 1 1 1 1 1 0 
1 1 1 0 1 1 1 1 0 1 1 1 1 1 1 1 1 1 1 1 1 0 0 1 2 1 0 1 0 2 1 1 1 2 2 2 0 1 2 2 2 1 1 2 2 1 1 2 1 2 2 1 1 1 0 1 0 1 1 1 1 1 1 1 1 1 1 0 1 1 1 0 1 1 1 1 1 1 1 1 1 1 1 1 1 1 0 1 0 0 1 1 1 1 1 1 1 1 1 1 1 1 0 1 1 1 1 2 1 1 1 1 0 0 0 1 2 1 1 2 1 1 0 1 2 2 0 1 1 2 1 1 0 0 2 1 1 1 0 0 1 0 1 1 0 0 1 1 1 1 1 1 1 1 1 1 1 0 1 1 
1 0 1 1 1 1 1 1 0 1 1 1 1 1 1 0 1 0 1 1 1 1 2 1 1 1 2 1 2 2 1 1 1 0 0 1 2 2 2 0 1 1 0 0 0 2 0 2 0 0 1 1 0 0 1 1 0 1 1 1 0 1 1 1 1 0 1 0 0 1 1 0 1 0 1 1 1 1 1 1 0 1 1 1 1 1 1 1 1 1 1 0 1 1 0 1 1 1 1 1 0 1 1 1 0 1 1 2 0 2 0 1 1 1 0 2 1 2 0 1 2 1 2 2 2 2 2 2 1 2 2 1 0 1 2 0 1 1 1 1 1 1 1 1 0 1 1 0 1 0 0 0 0 1 1 1 1 1 1 0 
1 0 1 1 1 1 1 0 1 1 1 1 0 1 1 1 1 1 1 1 1 1 0 2 0 2 1 0 1 0 0 2 2 1 0 1 2 1 0 2 1 0 2 1 2 2 2 0 0 1 2 2 0 0 1 1 1 1 1 1 1 1 1 1 0 0 0 1 0 0 1 1 1 1 1 1 1 1 1 1 1 0 1 0 1 1 1 1 0 1 1 1 1 0 1 1 1 0 0 1 0 1 1 1 1 1 1 1 2 0 0 1 0 1 0 2 1 2 1 0 1 0 2 2 0 1 2 1 1 2 2 2 0 1 1 2 1 1 0 1 1 1 1 1 0 1 1 1 1 1 1 1 1 1 0 1 1 1 1 1 
1 0 1 1 1 1 0 1 1 1 0 1 1 0 1 1 1 1 1 1 0 1 1 1 1 2 1 2 1 0 2 0 1 1 2 2 1 1 0 2 2 2 2 0 1 2 2 0 2 1 2 0 1 1 0 1 1 0 1 1 1 0 0 1 1 1 0 1 1 1 1 1 1 1 1 1 1 1 1 1 1 1 1 1 1 1 1 0 1 1 1 1 0 1 1 0 0 1 0 0 1 1 1 1 1 2 2 1 2 2 2 2 2 0 1 0 1 2 0 0 2 2 2 2 2 2 1 1 1 0 2 2 0 1 2 2 1 0 1 1 1 1 1 1 1 0 1 0 1 0 1 1 1 1 1 1 1 0 1 1 
1 0 1 1 1 1 1 1 1 0 1 1 1 1 1 1 0 1 1 1 1 0 0 2 1 2 2 1 0 2 2 2 1 1 0 0 2 2 1 1 2 1 0 2 1 2 1 1 2 2 1 0 0 1 0 1 1 0 1 1 1 1 1 0 1 1 0 1 1 1 1 1 0 0 1 1 0 1 1 1 1 1 1 1 1 1 1 0 1 1 1 1 1 1 1 0 1 0 0 0 1 1 0 0 1 2 1 1 2 1 1 0 2 1 1 0 2 0 2 2 2 1 0 1 2 2 1 2 1 2 2 1 0 1 1 2 1 1 1 1 1 0 1 1 1 1 1 1 0 1 1 0 1 1 0 1 1 1 1 1 
a a a a a a a a a a a a a a a a a a a a a a b b b b a b b b b a a a a b b b b a a b b a a a b a b b b a b a a a a a a a a a a a a a a a a a a a a a a a a a a a a a a a a a a a a a a a a a a a a a a a a a a a a a b a a b a b b a b b a a a a a b a b b a b a b b a b a a a a a a a a a a a a a a a a a a a a a a a a a a a a 
0 1 1 1 1 1 1 1 0 0 1 0 1 1 1 1 1 1 0 0 1 1 1 1 0 2 1 0 1 2 0 2 1 1 0 1 1 1 0 2 1 1 0 1 2 1 2 1 0 1 2 2 2 1 1 1 1 0 0 1 1 1 1 1 1 1 1 0 1 0 1 1 1 1 1 1 1 1 1 1 1 0 1 1 1 1 1 1 0 1 1 1 1 1 1 0 0 1 1 1 1 1 1 1 1 2 1 1 0 1 1 0 2 0 1 0 2 1 1 1 0 1 2 2 1 1 1 1 1 1 1 0 1 2 0 1 1 0 0 1 1 0 0 1 1 1 1 1 1 1 1 1 1 1 0 1 1 1 0 1 
1 1 1 1 1 1 0 1 1 1 1 1 1 1 1 1 1 1 1 1 1 0 2 1 2 1 2 0 1 1 1 2 2 1 0 2 2 1 2 0 2 2 2 1 2 2 1 0 1 1 2 0 0 1 1 1 1 1 1 1 1 1 1 1 1 0 1 1 1 1 1 1 1 0 1 1 1 1 1 1 0 1 1 1 1 1 0 1 1 1 1 1 0 1 1 1 1 1 1 1 0 1 0 0 1 1 2 0 2 2 2 0 2 2 2 1 1 1 0 1 2 0 1 2 2 1 2 1 2 1 2 2 1 1 0 1 0 1 1 1 1 1 1 1 1 1 1 0 0 1 1 1 0 1 1 1 0 0 1 0 
1 1 0 1 0 1 1 1 1 0 0 0 0 1 1 1 1 0 1 0 0 1 1 1 2 0 2 0 2 2 0 2 2 1 1 1 1 0 1 1 1 2 2 1 1 0 2 2 2 0 2 1 0 0 0 1 1 1 1 1 1 0 1 1 1 1 1 1 1 1 0 1 1 0 0 1 1 1 1 1 0 1 0 1 1 1 1 1 0 1 1 1 1 0 0 1 1 1 1 1 1 1 1 0 1 2 2 2 1 1 1 0 2 2 2 0 2 1 0 1 1 1 2 2 2 0 1 0 1 0 2 2 2 2 0 1 1 1 1 1 1 1 1 1 1 1 1 1 1 1 1 1 0 1 1 0 1 1 1 1 
1 1 1 0 0 1 1 1 1 1 1 1 1 1 1 1 0 1 1 1 1 1 2 1 1 2 2 0 0 2 1 2 2 0 1 2 1 2 1 1 1 0 0 2 0 1 1 1 1 2 2 1 1 1 1 1 0 1 0 1 1 1 1 1 0 0 1 1 1 1 0 1 1 1 1 1 1 1 0 1 0 0 0 1 1 1 0 1 1 1 1 1 1 0 0 0 1 1 1 1 1 1 0 1 0 2 2 2 0 2 2 2 2 2 1 2 1 2 2 0 2 2 0 2 0 1 2 0 1 0 2 1 0 2 1 2 0 1 1 1 1 1 1 1 1 1 0 1 1 0 1 1 1 1 0 1 1 0 1 1 
1 1 1 0 1 1 1 1 1 0 0 1 1 1 1 0 0 1 1 1 1 1 2 2 1 2 1 1 1 2 1 1 0 1 1 1 1 1 0 1 0 1 1 0 1 2 0 0 1 2 2 1 1 1 1 1 1 1 1 0 1 1 1 1 1 0 1 1 1 1 1 0 1 1 1 1 1 1 0 0 1 0 1 1 0 1 1 1 1 1 1 1 0 1 1 1 0 1 1 1 1 1 1 1 1 1 0 2 0 1 1 0 0 1 1 2 2 2 2 2 2 2 1 1 2 1 2 0 1 2 1 2 2 1 1 1 1 1 1 0 0 1 1 1 0 0 1 1 1 1 1 1 1 1 0 1 1 1 1 0 
1 0 1 1 1 1 1 1 0 1 1 1 1 1 0 1 1 1 1 1 1 1 1 1 1 2 1 0 0 2 1 1 1 2 2 1 2 2 1 1 1 1 2 1 1 0 2 2 2 1 2 1 1 1 1 0 1 1 1 0 1 1 1 1 1 1 1 1 1 1 1 0 1 1 0 1 1 1 1 1 1 1 1 1 1 1 0 1 1 0 1 1 0 1 1 1 0 1 1 1 0 1 1 0 1 2 0 2 0 2 1 1 2 1 2 1 0 2 1 2 1 2 2 2 1 2 1 1 2 1 0 1 1 0 1 1 0 1 0 1 1 1 1 0 1 0 0 1 1 1 1 1 1 1 0 1 0 1 1 1 
1 1 0 1 1 1 1 0 1 1 1 1 1 1 1 1 1 1 1 1 1 1 2 1 1 2 1 1 0 2 2 1 2 1 0 2 0 2 2 1 2 1 2 1 2 1 1 1 0 1 0 2 1 1 0 1 0 1 1 0 0 0 1 1 0 1 0 0 1 0 1 1 1 1 1 1 1 0 1 1 1 1 1 1 1 0 1 1 0 0 1 1 1 1 0 1 1 1 0 1 1 1 0 1 1 2 1 0 0 2 0 2 1 0 1 1 2 1 2 0 1 2 1 2 0 1 1 0 1 0 1 1 0 2 0 0 1 1 1 1 0 1 1 1 1 1 1 0 1 1 1 1 0 0 1 0 0 1 1 1 
1 1 1 1 0 1 1 1 1 0 0 1 0 0 1 0 1 1 1 0 1 1 1 2 0 1 1 2 0 2 2 1 1 0 1 0 1 1 2 1 0 1 2 1 1 1 2 0 2 1 1 1 2 1 1 1 1 1 1 1 1 0 0 1 1 0 1 1 1 1 1 1 1 0 1 0 1 1 1 1 1 1 1 0 1 1 1 1 1 1 1 1 0 1 1 1 1 0 1 1 1 0 0 1 1 1 2 2 2 1 1 2 0 1 1 1 1 2 0 1 0 2 1 1 1 2 1 1 2 1 1 2 1 0 0 1 1 1 1 0 1 1 1 1 1 0 1 0 1 1 0 0 1 0 1 0 0 1 0 1 
0 0 1 1 1 1 1 1 0 1 1 0 1 1 1 0 0 1 1 1 1 1 1 2 2 0 2 2 2 2 2 1 1 0 0 2 0 0 2 2 0 1 1 2 1 1 2 1 2 2 1 1 0 0 1 1 0 1 0 1 1 0 0 1 1 1 1 1 1 0 1 1 1 1 1 1 0 1 2 0 1 2 2 1 2 1 2 2 1 1 2 1 2 1 2 0 0 1 1 1 2 1 2 1 1 0 2 1 2 1 2 1 0 1 2 0 0 1 2 1 2 2 1 2 1 0 0 2 2 1 2 2 1 2 1 1 1 1 1 1 1 0 1 0 1 1 1 1 1 1 0 1 1 1 0 1 0 1 1 1 
0 0 1 1 0 0 1 1 1 0 0 1 1 1 1 1 1 1 1 1 1 1 2 1 0 0 1 0 2 1 2 2 2 2 2 2 2 1 1 2 1 2 1 2 0 1 2 1 2 0 2 2 0 1 1 0 1 1 1 1 1 1 1 1 1 1 0 1 1 1 1 1 1 1 1 0 1 1 1 0 2 2 1 1 0 0 2 2 1 2 2 1 2 2 2 2 2 1 1 0 2 0 2 2 2 2 2 2 2 2 0 2 2 1 1 2 2 2 2 2 1 0 0 1 0 0 0 2 2 1 1 0 1 2 1 0 0 1 2 2 1 2 0 0 2 2 1 0 1 2 2 2 1 0 1 2 0 2 1 2 
1 1 1 1 1 0 0 0 1 1 1 1 1 1 1 1 1 1 0 1 1 1 2 2 2 1 1 1 1 0 1 2 0 0 2 2 2 0 0 1 2 2 2 2 1 0 0 0 2 2 2 0 0 0 1 0 1 1 1 1 1 1 1 1 1 0 1 1 1 1 1 1 0 1 1 1 1 1 1 2 2 2 1 2 1 0 2 1 2 1 0 1 1 0 1 1 1 1 2 1 2 1 2 0 2 2 2 2 2 2 0 2 1 0 2 0 2 1 0 1 1 2 1 2 2 1 1 1 0 0 0 2 1 1 1 2 1 1 0 2 2 0 1 2 2 1 2 1 1 1 0 2 1 2 2 2 1 2 1 0 
1 0 1 1 0 1 0 1 0 1 1 1 1 1 1 1 1 1 1 0 1 1 0 2 1 0 0 1 1 2 1 1 1 1 2 1 2 2 1 2 0 1 0 2 2 1 1 1 1 0 2 1 1 1 1 0 1 1 1 1 0 0 1 0 1 1 1 1 1 1 1 1 1 1 0 1 1 1 2 1 2 2 2 2 1 2 1 2 2 0 0 1 2 1 2 2 2 2 1 1 2 0 2 2 2 0 0 2 2 0 1 0 1 2 2 0 1 1 2 1 0 0 1 2 0 0 1 1 2 2 0 1 2 2 1 0 0 1 2 1 2 2 1 0 1 1 2 2 1 1 2 1 2 1 1 2 1 1 0 2 
1 1 0 0 1 0 1 1 0 1 1 1 1 1 1 0 0 0 0 1 1 1 2 1 2 1 0 0 1 2 1 0 0 0 0 2 1 2 0 2 1 0 0 1 2 1 2 1 2 2 1 2 0 1 1 1 1 1 1 1 1 1 1 1 1 1 1 1 1 1 1 1 0 1 1 1 0 1 2 0 2 1 2 2 0 1 0 2 2 2 2 2 2 2 2 1 2 1 2 1 1 2 1 2 1 2 2 2 2 1 0 1 1 2 1 2 1 2 2 2 0 1 1 1 1 0 2 2 1 0 2 0 0 2 2 2 1 0 0 0 1 0 0 1 1 2 1 1 0 0 1 2 2 1 2 2 2 1 1 2 
1 1 1 1 1 1 1 1 1 1 1 0 1 1 1 1 1 1 1 1 0 1 1 1 1 0 1 1 0 1 1 1 1 0 1 0 1 0 1 1 1 1 1 1 1 1 1 1 1 1 1 1 1 1 1 1 1 1 1 1 1 1 1 1 1 1 1 0 1 1 1 1 1 1 0 1 1 1 2 1 0 1 0 1 2 1 1 2 1 1 2 0 1 0 2 2 2 2 0 0 1 1 1 1 0 0 0 0 2 0 1 2 1 1 2 1 1 2 2 2 1 2 2 2 0 1 2 0 0 1 1 2 1 2 2 1 0 1 2 2 1 2 1 2 2 1 2 0 0 1 2 0 2 1 1 2 2 2 2 2 
0 1 0 1 1 0 1 1 1 0 0 1 1 1 1 1 1 0 1 0 1 0 0 1 1 0 1 1 0 1 1 0 1 1 1 0 1 0 1 1 1 1 0 1 0 0 0 0 1 1 1 1 0 1 1 1 1 1 1 1 1 1 1 1 1 1 1 1 1 0 1 1 1 1 1 0 1 1 1 0 1 1 1 2 2 2 2 1 2 2 2 1 2 2 1 2 1 0 2 2 0 1 1 1 2 0 2 2 2 0 0 1 1 0 1 2 2 2 0 2 0 0 1 2 2 1 2 2 2 1 2 0 0 2 2 2 1 2 2 0 2 0 1 0 1 2 0 1 0 1 1 1 1 1 0 0 1 2 0 1 
1 1 1 1 1 1 1 1 1 1 1 1 1 1 1 1 1 1 0 1 0 1 1 1 1 0 1 1 0 0 1 1 1 1 0 1 1 0 1 0 0 0 1 1 1 1 1 1 1 0 1 1 0 1 1 1 0 0 1 0 1 1 1 0 1 1 1 0 1 1 0 1 0 0 1 1 1 0 1 2 2 1 1 1 1 1 2 0 2 0 0 0 2 0 2 2 1 2 1 2 1 1 2 1 2 2 2 2 2 2 2 2 2 2 1 2 1 0 1 2 0 1 0 2 0 2 1 0 2 1 2 0 1 2 2 1 0 1 0 2 1 1 0 2 0 1 0 2 0 1 0 2 1 2 2 1 2 0 1 1 
0 1 1 1 0 1 1 0 1 1 1 0 1 1 0 1 1 0 1 1 1 0 1 1 1 0 1 1 1 1 1 1 1 1 1 1 1 1 1 1 1 1 1 1 1 0 0 0 1 1 1 1 1 1 1 1 0 1 1 1 1 0 1 1 1 0 1 1 1 0 1 1 1 0 1 1 1 1 1 2 1 2 1 0 2 2 2 1 0 0 2 2 1 1 1 2 2 1 2 1 1 0 2 2 1 1 2 2 2 0 2 2 1 1 1 1 2 2 1 2 2 2 1 2 0 1 2 1 2 1 1 1 2 2 1 0 1 2 2 1 1 0 2 1 1 2 2 1 0 2 1 2 0 0 0 1 1 0 2 2 
0 1 1 1 1 1 1 0 1 1 1 1 1 1 1 0 1 1 1 0 1 1 1 0 0 0 1 1 0 1 0 0 0 1 1 1 1 1 0 1 1 0 0 0 1 1 1 0 1 1 0 0 1 1 1 1 1 1 1 0 0 1 0 1 1 1 1 1 1 1 1 1 1 1 1 1 1 1 0 2 1 0 0 0 2 2 1 2 1 2 2 1 2 1 1 0 2 0 1 1 0 1 2 1 2 2 1 0 2 0 2 2 0 0 1 2 1 0 2 1 1 1 1 1 1 0 2 0 1 0 2 2 1 0 0 1 1 0 1 2 1 2 2 2 1 1 0 1 0 1 2 2 0 2 0 0 0 1 1 1 
1 1 0 1 0 0 1 1 1 1 1 1 1 1 1 1 1 1 0 1 1 0 1 1 1 1 0 1 1 0 1 1 0 1 1 1 1 1 1 1 0 1 1 1 1 1 1 1 1 1 1 1 1 1 1 1 1 0 1 1 0 1 0 1 1 1 1 1 1 1 0 1 1 1 1 0 1 1 2 0 1 2 2 2 1 0 2 2 2 2 2 2 2 1 1 1 2 1 0 2 1 1 2 0 2 1 0 2 1 2 2 2 1 2 2 1 1 0 1 0 2 1 2 2 2 0 1 1 2 0 1 1 1 2 2 0 1 1 1 2 2 1 0 0 1 1 2 0 2 1 0 1 2 2 1 2 1 0 0 2 
0 1 1 0 0 1 1 0 1 1 0 1 0 1 0 1 1 1 1 1 1 1 1 0 1 1 1 1 1 1 1 1 1 1 1 1 1 1 1 1 0 1 1 1 0 1 1 0 1 1 1 1 1 1 1 1 1 1 1 1 1 0 1 0 0 1 1 1 1 1 1 1 1 1 0 1 1 1 1 1 0 2 2 1 2 2 1 0 2 1 0 2 2 2 1 0 2 2 0 2 1 1 2 1 2 2 0 0 2 0 2 0 1 1 2 1 0 0 0 2 2 0 2 2 1 0 2 1 1 1 0 1 1 2 2 2 1 2 1 1 1 1 2 0 2 0 2 1 2 1 0 0 0 0 0 1 2 0 2 1 
1 1 0 1 1 0 1 1 0 1 1 1 1 1 1 1 0 1 0 1 0 1 1 1 1 1 1 1 1 1 1 1 1 1 0 0 0 1 1 0 1 0 0 1 1 0 1 1 1 1 1 1 1 1 1 0 1 1 1 1 1 1 1 1 1 1 1 1 0 1 0 1 1 1 0 0 1 1 2 0 2 2 1 2 2 0 1 1 2 2 1 2 1 0 2 0 2 1 1 0 1 0 1 1 1 2 2 1 2 0 2 2 1 1 2 1 1 1 1 2 1 1 1 1 2 2 1 1 1 1 1 0 2 0 2 0 1 2 1 1 1 2 1 1 2 0 1 1 1 1 1 2 2 2 1 1 2 1 1 1 
1 1 1 0 1 1 1 0 1 1 1 1 1 1 1 1 1 1 1 1 1 1 1 0 0 1 1 0 0 1 1 1 0 1 0 0 1 1 1 1 1 1 1 0 1 1 1 1 1 1 1 1 1 0 1 0 1 1 1 1 0 1 1 1 1 1 1 1 1 1 1 1 1 1 1 1 1 1 1 2 2 0 2 2 1 2 0 0 1 2 2 1 0 2 2 1 0 2 1 2 0 2 2 2 1 1 0 0 1 2 1 1 2 1 0 0 1 1 1 2 0 1 0 2 1 1 1 2 1 0 1 0 2 0 1 1 0 1 2 2 2 1 2 1 1 2 1 2 2 0 2 0 2 2 1 2 1 2 2 2 
1 1 1 1 1 1 1 1 0 1 1 0 1 1 1 1 1 1 1 0 1 1 1 1 1 0 0 0 1 1 1 1 1 1 1 1 0 1 1 0 0 1 1 1 1 1 1 1 1 1 1 1 1 1 0 0 0 1 0 0 0 1 1 1 0 1 1 0 1 1 1 1 0 1 1 1 1 1 2 2 1 2 2 2 1 0 2 1 0 2 2 1 0 1 2 2 1 2 2 2 2 2 1 1 1 1 2 0 0 2 2 1 0 2 1 1 2 2 1 2 1 1 1 1 0 0 2 0 1 2 2 0 2 1 1 1 1 2 1 1 2 2 1 1 1 2 0 0 2 0 2 1 2 0 2 0 2 1 1 0 
0 1 1 1 1 1 0 0 1 1 1 1 1 1 1 0 1 0 1 1 1 1 0 1 0 1 1 1 1 1 1 1 1 1 1 0 0 1 1 1 0 0 1 1 1 1 1 1 1 1 1 1 1 1 1 0 1 1 0 1 1 1 1 1 1 0 0 1 1 1 1 0 1 1 0 0 1 1 1 1 1 2 1 2 1 2 2 1 0 0 2 2 1 2 1 1 2 1 0 0 2 1 0 2 1 2 2 0 1 1 2 2 2 2 1 2 0 2 1 1 1 2 1 0 2 1 2 2 0 0 2 2 1 1 1 2 1 2 0 2 0 2 1 1 1 2 0 2 1 0 0 2 0 0 0 2 0 1 2 2 
1 0 1 1 0 1 0 1 1 1 1 0 0 0 0 0 0 0 1 1 1 0 0 1 1 1 0 1 0 1 1 1 1 1 1 1 1 1 1 1 1 1 1 1 1 1 1 1 0 1 1 1 0 0 1 1 1 1 1 1 1 1 1 1 0 0 1 1 1 1 1 1 0 1 1 0 0 1 0 1 1 0 2 2 2 1 1 2 1 2 2 1 2 2 2 1 0 1 1 1 2 1 1 1 2 2 1 2 1 0 1 1 1 1 1 1 1 1 1 1 1 1 1 1 0 1 1 0 1 1 0 1 1 1 1 1 1 2 2 2 0 1 2 0 2 2 1 2 2 1 2 1 2 2 0 1 2 2 1 2 
1 1 1 0 1 0 1 1 1 0 0 0 1 1 0 1 1 1 1 0 0 1 1 0 1 1 1 1 1 1 1 0 1 1 1 1 1 0 0 1 0 0 0 0 1 1 0 1 1 1 1 1 1 1 0 1 1 1 1 1 1 1 1 1 1 1 1 1 1 1 1 1 1 0 0 1 1 0 2 2 0 2 1 1 1 1 2 1 2 1 2 2 2 0 2 2 1 1 0 1 1 2 1 2 0 1 0 2 0 1 1 1 1 1 1 1 1 1 1 0 0 0 1 1 1 1 1 1 1 1 1 0 1 0 1 1 1 2 2 2 2 2 0 2 1 1 0 2 1 1 1 1 2 1 1 1 0 0 1 2 
1 1 0 1 1 0 1 1 1 1 1 1 0 1 1 0 1 1 1 1 0 0 1 1 1 1 1 1 1 1 1 0 1 1 1 1 1 1 1 1 1 0 1 1 1 1 1 1 1 1 1 1 0 1 1 0 1 1 1 0 1 1 0 1 1 1 1 1 1 1 1 1 0 0 0 1 0 1 2 1 2 2 1 2 1 1 1 2 2 1 1 1 0 2 2 2 2 1 2 2 0 2 2 1 2 1 2 1 2 1 1 0 1 1 1 1 1 1 1 0 1 1 1 1 1 0 0 1 1 1 1 1 1 1 1 1 1 1 1 2 1 2 1 0 1 1 1 0 1 2 0 1 1 0 1 1 1 2 2 1 
