88 155
5 70
80 36
78 30
60 37
35 99
76 41
20 136
55 24
93 51
1 1 1 1 0 0 1 0 1 1 0 1 1 1 0 1 1 1 1 1 0 0 1 1 1 1 1 1 0 1 0 1 1 1 0 1 1 1 1 0 1 1 0 0 1 1 1 1 1 1 1 1 1 1 1 1 1 1 1 1 1 1 1 1 1 a 1 0 0 1 1 1 1 0 1 1 1 1 1 1 1 1 1 1 0 1 1 1 1 1 1 1 1 0 1 0 1 1 1 0 0 1 1 1 1 1 1 0 0 1 a 1 1 1 a 1 1 1 1 0 1 1 1 1 1 1 1 1 1 0 1 1 1 1 1 1 0 0 1 1 1 1 1 1 0 1 1 1 0 1 1 0 1 1 1 0 a 0 1 1 
1 1 0 1 0 0 1 1 1 1 1 1 1 1 1 0 1 0 1 1 1 0 1 0 1 0 0 1 1 1 0 1 1 1 1 1 1 1 1 1 1 1 1 1 1 1 0 0 1 1 1 1 1 1 1 1 1 1 1 0 0 1 1 1 1 a 1 1 1 1 1 0 1 1 1 1 1 1 1 1 1 1 1 1 0 1 1 1 0 1 1 1 1 1 1 0 1 0 1 1 0 1 1 1 0 1 0 0 1 1 a 0 1 1 a 1 1 1 1 1 1 1 1 1 0 1 1 0 0 0 1 1 0 1 1 1 1 1 1 1 0 1 0 1 1 1 1 1 1 1 1 0 1 0 1 1 a 0 1 1 
1 1 1 1 1 1 1 1 1 1 1 1 1 1 0 1 1 1 1 1 1 0 1 1 1 1 1 1 1 1 1 0 1 1 1 1 0 1 1 1 0 1 0 1 0 0 0 1 0 1 1 1 1 1 1 0 1 0 1 1 0 1 1 1 0 a 1 1 1 1 0 1 0 0 1 1 1 1 0 1 1 0 0 1 0 1 1 1 1 1 0 1 1 1 1 0 1 0 1 1 1 1 1 1 1 1 1 1 1 1 a 0 1 1 a 1 1 0 1 1 0 1 1 0 1 0 1 1 1 1 0 0 1 1 1 1 1 1 0 1 1 1 1 1 0 1 0 1 0 1 1 1 1 1 1 1 a 1 1 1 
1 1 1 1 1 1 1 0 1 1 1 1 1 1 1 1 1 1 1 1 1 1 1 0 1 1 1 0 0 1 1 1 1 1 1 1 1 1 1 1 1 1 1 1 1 1 1 1 1 1 1 1 1 1 1 1 0 1 1 1 1 1 1 1 1 a 0 1 1 1 0 1 0 0 0 1 1 1 0 1 1 1 1 1 0 1 1 1 1 1 1 0 1 1 1 0 1 1 1 1 0 1 1 1 0 1 1 0 1 1 a 1 1 0 a 1 1 1 1 0 1 1 1 1 1 1 0 1 1 0 1 1 1 1 1 1 1 0 1 1 0 1 1 1 1 0 1 1 1 1 1 1 1 1 1 0 a 1 1 1 
1 1 1 0 1 1 1 1 1 1 1 1 1 1 1 1 1 1 1 1 1 0 1 1 1 1 1 1 0 0 1 1 0 1 1 1 1 0 1 1 1 1 1 0 1 1 0 1 0 1 1 0 1 1 1 0 1 1 0 0 1 0 0 1 1 a 1 1 1 1 1 1 0 1 1 1 0 1 1 0 1 1 1 0 1 1 1 1 1 1 1 1 1 0 0 0 1 0 1 1 1 1 1 1 1 0 1 1 0 1 a 1 1 0 a 1 1 1 0 1 1 1 1 1 1 1 1 1 1 1 0 1 1 1 1 1 1 1 1 1 1 0 1 0 1 1 1 0 1 1 1 1 1 1 1 1 a 1 1 1 
0 0 1 1 1 1 1 1 1 1 0 0 1 1 0 1 1 1 1 1 1 1 1 1 0 1 1 1 0 1 1 1 1 1 1 1 1 0 1 1 0 1 1 1 1 1 1 1 1 0 1 1 1 1 1 1 1 1 1 1 0 1 1 0 0 a 1 0 1 1 1 1 1 0 1 1 1 1 0 1 1 1 0 1 1 1 1 0 1 1 1 1 1 1 1 1 1 1 1 1 1 1 1 0 1 0 1 1 0 1 a 1 1 0 a 1 1 1 1 1 1 1 2 1 1 2 2 1 2 2 1 2 0 1 0 2 2 1 0 0 2 1 1 1 1 2 1 2 2 2 1 2 0 1 1 1 a 1 0 1 
1 1 1 1 1 1 1 1 1 0 1 1 1 1 1 1 1 1 1 0 1 1 1 0 1 0 0 1 1 1 0 1 1 1 0 1 1 1 1 0 1 0 1 1 1 0 1 1 1 1 1 1 1 1 1 1 1 0 1 1 1 1 1 1 0 a 1 1 0 1 0 1 1 1 1 1 1 0 1 1 1 0 1 1 0 1 1 1 1 1 1 1 1 0 1 0 1 1 1 1 0 1 0 1 1 0 1 1 0 1 a 1 0 1 a 1 0 0 1 1 1 2 2 1 2 1 0 1 0 2 1 2 0 1 2 2 1 1 1 0 2 1 2 2 0 1 2 0 2 1 0 2 1 1 1 0 a 1 0 1 
1 1 1 1 1 0 1 1 1 1 1 1 1 1 1 1 1 1 1 1 1 1 0 1 1 1 0 1 0 0 1 1 1 1 1 1 1 1 1 1 1 0 0 1 0 1 1 1 1 1 1 0 1 1 1 1 1 1 1 1 0 1 0 1 0 a 1 0 1 1 1 1 1 1 0 1 0 0 1 1 0 0 1 1 1 1 0 1 0 1 1 1 1 1 1 1 1 1 0 1 1 0 1 1 1 0 1 0 1 0 a 0 1 1 a 1 0 1 1 1 0 2 1 1 2 2 0 2 0 2 2 2 2 0 2 0 2 0 0 1 0 2 1 0 1 2 2 1 2 0 0 2 0 1 0 1 a 1 1 0 
1 1 1 1 1 1 1 1 1 1 0 1 1 1 1 1 1 1 0 1 0 1 0 1 0 1 1 0 1 1 0 0 1 1 0 1 1 1 1 1 1 1 1 0 1 1 0 1 1 1 1 1 1 1 1 1 1 1 0 1 1 1 1 1 0 a 1 1 1 1 1 1 1 1 1 0 1 0 1 1 1 0 1 0 0 1 1 1 1 0 1 1 1 1 1 0 1 1 1 0 1 1 1 1 0 1 1 1 1 1 a 1 1 1 a 1 1 1 1 1 1 1 0 0 1 1 1 0 2 1 0 2 0 2 0 1 2 2 1 1 2 0 2 2 0 0 1 0 0 0 2 1 1 1 1 1 a 1 1 1 
1 1 1 0 1 1 1 1 1 1 0 1 1 1 0 1 1 1 1 1 1 1 1 0 1 1 1 1 0 1 1 0 1 1 1 1 1 1 1 0 1 1 1 0 1 1 1 1 1 0 1 1 0 0 1 1 1 1 1 1 1 1 1 1 0 a 1 1 0 1 1 1 1 1 1 1 1 1 1 1 1 0 0 1 1 1 1 1 0 1 1 1 1 1 1 0 1 1 1 1 1 1 1 1 1 1 1 1 1 1 a 1 1 1 a 1 1 1 1 1 0 0 0 2 2 2 2 1 2 0 1 2 1 2 1 0 0 2 0 2 2 0 2 1 1 2 1 2 1 0 0 0 1 1 1 0 a 1 0 1 
1 1 1 0 1 0 1 1 1 1 1 1 0 0 1 1 1 0 1 1 1 1 1 0 0 0 1 1 1 1 1 1 1 1 1 1 1 1 1 1 1 1 1 1 1 0 1 1 1 1 1 1 0 1 1 1 1 1 0 1 1 0 1 1 1 a 1 0 1 0 1 1 1 1 1 0 1 1 1 1 1 1 1 1 1 0 1 1 1 1 0 0 0 1 1 0 1 1 1 1 1 0 1 1 1 1 1 0 0 1 a 1 1 1 a 1 1 1 1 1 1 1 0 1 2 0 1 0 2 0 1 1 2 2 1 1 2 2 0 2 2 1 1 1 1 1 2 2 1 1 2 2 0 1 1 1 a 1 1 1 
1 0 1 1 1 1 1 1 1 1 1 1 1 1 1 1 1 1 1 1 0 1 0 0 1 0 0 1 1 1 1 1 1 0 1 0 1 0 1 1 1 1 1 1 1 0 0 1 1 1 0 1 1 1 1 1 0 1 1 0 1 1 0 1 1 a 1 1 1 1 1 1 0 1 1 1 1 0 1 1 1 1 1 1 1 0 1 1 1 1 1 1 1 1 1 1 1 1 0 1 1 1 1 1 0 1 1 1 0 1 a 1 1 1 a 0 0 1 1 0 1 0 1 1 0 0 2 2 1 2 1 2 2 2 0 0 2 1 2 2 0 0 2 2 1 1 1 1 2 2 2 2 1 1 1 1 a 1 0 1 
1 0 0 1 1 1 1 1 0 0 1 1 0 1 1 1 1 1 1 1 1 1 1 1 1 1 1 1 1 0 0 1 0 0 1 1 1 1 1 1 1 1 1 1 1 1 0 1 1 1 0 1 0 1 0 1 1 0 1 1 1 1 1 1 1 a 0 1 1 0 1 0 1 1 1 1 1 1 1 1 0 1 1 1 1 0 0 0 0 1 1 1 0 1 1 1 1 1 0 0 1 1 1 1 0 1 0 1 1 0 a 1 1 1 a 1 0 1 0 1 1 2 1 2 1 0 2 1 1 2 2 2 0 0 0 0 1 1 2 1 0 2 2 0 2 2 1 1 1 2 2 2 1 1 1 0 a 1 1 1 
1 1 1 1 1 0 1 1 1 1 1 1 1 1 1 1 1 1 1 0 1 1 1 1 1 1 0 1 0 0 1 1 1 0 1 1 1 1 1 1 1 1 1 1 0 1 1 1 1 1 1 1 1 1 1 1 0 1 1 1 1 1 1 1 1 a 1 1 1 1 1 1 1 1 1 1 1 1 1 1 1 1 1 0 1 1 1 0 1 1 1 1 1 1 1 1 1 1 1 1 0 0 1 1 1 1 1 1 1 1 a 0 1 1 a 1 1 1 1 0 1 0 1 0 2 0 0 1 2 2 2 1 2 2 0 1 0 0 1 0 2 1 1 0 0 2 0 1 1 2 2 1 1 1 1 1 a 0 1 1 
0 1 1 0 1 1 1 1 1 1 1 1 1 1 1 1 0 1 1 1 1 1 0 1 1 0 1 1 0 1 1 1 0 1 1 1 0 0 0 1 1 1 1 0 1 0 1 1 0 1 1 1 0 1 1 1 1 1 1 1 0 1 1 1 1 a 1 1 1 1 1 1 1 1 1 1 0 1 1 1 0 1 0 1 0 1 0 1 0 1 1 1 1 1 1 1 1 1 1 1 1 1 1 0 1 1 1 1 1 0 a 1 1 1 a 1 0 1 1 1 1 1 0 2 1 2 2 2 1 1 1 1 2 2 1 0 2 2 0 1 0 2 2 1 2 0 2 2 2 0 1 1 1 1 1 1 a 1 1 1 
1 1 1 1 1 1 1 1 1 1 1 1 1 1 1 1 1 1 1 0 1 1 1 1 0 1 1 1 1 1 1 0 1 1 0 1 1 1 1 1 1 1 1 1 0 1 1 1 1 1 1 1 1 1 1 1 0 1 1 1 1 1 1 1 1 a 1 1 1 1 1 1 1 1 1 0 1 1 1 1 1 1 1 1 1 1 1 1 1 0 0 1 1 1 0 1 1 1 0 1 0 1 1 1 1 1 1 1 1 1 a 1 1 1 a 1 1 1 1 0 1 0 2 2 2 0 2 0 2 0 1 1 1 1 1 1 0 0 0 1 2 2 1 1 0 1 0 0 1 1 0 2 1 1 0 0 a 1 1 1 
1 1 1 1 1 1 1 1 1 0 1 1 1 0 0 1 1 1 1 1 0 1 1 0 1 1 1 1 1 1 0 1 1 1 1 1 1 1 1 1 1 1 1 0 1 1 1 1 1 1 0 1 0 1 1 1 1 0 0 1 1 1 1 0 1 a 1 0 1 0 1 0 1 1 1 1 1 1 1 1 1 1 1 1 1 0 0 0 1 1 0 1 1 1 0 1 1 0 1 0 1 1 0 0 1 1 1 1 0 1 a 1 1 1 a 1 0 0 0 1 1 2 0 1 1 1 1 2 0 1 2 2 2 0 2 1 1 2 2 2 2 1 0 2 2 0 0 0 2 1 1 1 1 1 1 1 a 1 1 0 
1 0 1 1 0 1 1 1 1 1 1 1 1 1 1 0 1 0 1 0 1 1 0 1 1 1 1 1 1 1 0 0 1 1 1 1 0 1 1 1 1 1 0 1 0 1 1 1 1 0 0 1 0 1 0 1 1 1 1 1 1 0 0 1 1 a 1 1 0 0 1 1 1 1 0 0 1 1 0 1 1 1 0 0 0 1 1 1 1 1 1 0 1 0 1 1 0 0 0 1 1 1 1 1 1 0 1 1 1 1 a 1 1 1 a 1 1 1 1 1 1 2 0 2 2 1 0 1 0 0 2 1 1 0 0 2 0 1 1 2 2 0 2 2 1 2 2 2 0 1 1 1 0 1 1 1 a 1 1 1 
1 1 0 1 1 1 1 1 1 1 0 1 1 1 1 1 1 1 1 1 1 1 1 0 1 0 1 1 0 1 0 1 0 1 1 1 1 1 1 1 0 1 1 0 1 0 1 0 1 1 1 1 1 1 1 1 1 1 1 1 1 1 0 1 1 a 0 1 1 1 1 1 0 1 0 1 1 1 0 0 1 1 1 1 0 1 1 1 1 1 1 0 1 1 1 1 1 1 1 1 1 1 1 1 1 1 1 1 1 0 a 1 0 1 a 1 1 0 1 1 1 2 2 0 1 0 1 1 2 2 0 1 2 0 1 0 1 2 0 0 1 1 1 2 1 0 2 0 1 2 2 1 1 1 1 1 a 1 1 1 
1 1 1 1 0 0 1 1 1 0 1 1 1 1 0 1 1 1 1 1 1 1 1 1 0 1 1 1 1 1 0 0 1 0 1 0 1 1 0 1 1 1 1 0 1 1 1 1 0 1 1 1 1 0 1 1 1 0 1 1 1 0 0 1 1 a 1 0 1 1 1 1 1 1 1 1 1 1 1 1 0 1 1 0 1 1 0 0 1 1 1 0 1 0 0 1 0 1 1 0 1 0 1 1 1 1 1 1 1 1 a 1 1 1 a 1 1 1 1 1 1 1 0 2 2 1 2 0 0 0 1 2 1 2 0 1 2 1 0 2 1 2 1 2 2 0 2 1 2 0 1 2 0 1 0 1 a 0 1 1 
1 1 1 1 1 1 1 1 0 1 1 1 1 1 1 0 1 0 1 1 1 1 1 1 0 1 1 1 1 1 0 0 1 1 1 1 1 1 1 1 1 0 1 1 1 1 1 0 1 1 1 1 1 1 1 0 1 1 1 1 1 1 1 1 1 a 0 1 1 0 1 1 1 1 1 1 1 1 1 1 1 1 1 1 2 0 1 0 2 1 1 1 2 2 1 2 1 1 0 2 2 1 2 0 0 2 2 1 1 1 a 0 1 1 b 1 1 1 1 0 1 2 1 1 2 2 2 2 0 1 1 2 2 1 2 0 1 1 1 1 1 0 0 1 2 2 0 1 0 2 0 0 1 1 1 1 a 1 1 1 
1 1 1 1 0 1 1 0 1 1 1 1 1 1 1 1 1 1 1 0 1 1 1 1 1 1 1 1 1 1 1 1 1 0 1 1 1 1 1 1 1 1 0 1 0 1 1 1 1 0 1 1 1 1 1 1 1 1 1 1 1 0 0 1 1 a 0 1 1 1 1 1 0 1 0 1 1 0 1 1 1 0 1 1 1 1 0 1 1 0 1 2 1 2 1 2 2 1 0 1 2 1 2 2 0 2 0 0 1 0 a 1 0 0 a 1 1 1 1 1 0 2 2 1 2 0 2 2 1 1 1 2 2 2 1 0 1 1 2 1 1 1 1 1 1 1 1 0 0 2 2 1 1 1 0 1 a 1 1 1 
1 1 1 1 1 1 1 0 1 1 1 1 1 1 1 1 1 1 1 1 1 1 1 1 0 1 1 1 0 1 1 0 1 1 1 1 1 1 1 0 1 0 1 1 1 1 1 1 1 1 1 1 1 0 1 0 1 1 0 1 1 1 1 1 1 a 1 1 1 1 1 1 1 1 0 1 1 0 0 1 0 1 1 1 1 2 2 1 2 0 1 2 1 1 0 2 1 2 1 2 1 1 0 1 2 2 2 0 1 0 b 0 2 1 b 1 1 1 1 1 1 1 1 1 1 2 1 2 2 2 2 2 2 2 1 2 1 0 2 1 1 1 1 1 0 1 2 2 0 1 1 1 1 1 1 1 a 1 1 1 
1 0 1 1 1 0 1 1 1 1 1 0 1 1 1 1 1 1 1 1 0 1 1 1 1 1 1 1 1 0 1 1 0 0 1 1 1 1 1 1 0 1 1 1 1 1 0 1 1 1 1 1 1 1 1 1 1 0 0 0 1 1 1 1 1 a 1 1 1 1 1 0 0 1 1 1 1 1 1 1 0 1 0 1 1 0 2 2 0 1 1 0 2 1 1 1 1 1 1 2 0 1 2 0 1 2 0 0 1 2 a 1 0 1 b 1 1 1 1 1 1 1 1 1 2 2 0 2 0 1 1 2 2 1 0 0 2 2 2 2 2 0 1 0 2 1 2 1 2 2 1 2 0 1 0 1 a 1 1 1 
1 1 1 1 1 1 1 1 1 0 1 1 1 1 1 1 0 1 1 1 1 1 1 1 1 1 1 1 1 1 1 0 1 0 1 1 1 1 0 1 1 1 0 0 1 1 1 1 1 1 1 1 1 0 1 1 1 1 1 1 1 1 1 1 1 a 1 1 0 1 0 0 1 1 0 1 1 1 0 1 1 0 1 0 2 0 0 1 2 2 2 1 0 2 2 1 0 2 2 1 1 0 1 2 0 2 0 1 0 2 b 1 0 1 b 1 1 1 1 1 1 1 2 2 0 1 2 0 2 1 1 2 0 1 1 0 0 0 2 2 1 2 1 0 2 1 0 0 2 2 1 1 1 0 1 1 a 1 1 0 
1 1 1 1 1 1 0 1 0 1 1 1 1 1 1 1 1 0 1 1 1 1 1 1 1 1 1 1 0 1 1 1 1 1 1 0 1 1 1 1 0 1 0 1 0 1 1 1 0 1 1 1 1 1 1 1 1 1 0 1 0 1 1 1 1 a 1 0 1 0 1 1 1 1 1 0 1 1 1 1 1 1 0 0 0 1 0 2 1 2 0 2 0 0 1 0 2 0 1 1 1 2 2 1 1 0 0 1 2 1 b 2 2 0 a 1 0 1 1 1 1 2 2 1 0 2 2 2 1 1 1 1 2 1 2 2 1 1 1 2 0 2 1 1 1 1 1 0 0 1 0 2 1 1 1 1 a 1 1 0 
1 1 1 1 1 1 1 1 1 1 1 1 1 1 0 1 1 1 1 1 1 1 1 1 1 1 1 1 1 1 1 1 0 1 1 1 1 1 0 1 0 1 1 1 1 1 1 1 1 1 1 1 1 1 0 1 1 1 1 1 1 1 1 1 0 a 1 1 1 1 1 0 1 0 0 0 0 0 1 0 1 0 1 1 0 2 2 1 0 1 0 1 0 1 1 1 1 0 2 0 2 2 2 1 2 1 1 1 1 1 a 1 1 1 a 1 1 1 0 1 1 2 1 2 2 1 1 1 2 1 0 2 0 0 2 1 1 1 2 1 2 2 0 2 1 1 0 0 1 2 0 1 0 1 1 1 a 1 1 1 
0 1 1 1 1 1 1 1 1 1 0 1 0 0 1 1 1 1 0 0 0 1 1 1 0 1 1 1 1 1 0 0 1 1 1 1 1 1 0 0 1 1 0 1 1 1 1 1 1 0 1 1 1 0 1 1 1 1 1 0 0 0 1 1 1 a 1 0 1 0 1 1 1 1 0 1 1 1 1 1 1 0 1 1 1 2 1 2 1 0 2 1 2 1 2 1 1 2 1 2 1 0 2 2 1 0 0 0 1 0 b 0 1 0 b 1 1 1 1 1 1 0 2 1 1 0 0 2 0 1 0 1 0 1 1 1 1 2 2 2 1 0 2 2 2 2 2 1 1 2 2 1 1 1 0 1 a 1 1 0 
1 1 1 1 1 1 1 1 1 1 0 1 1 1 1 1 1 1 1 1 1 1 1 1 1 0 1 1 1 1 1 0 1 1 0 1 1 1 1 1 0 1 1 1 0 1 1 1 1 1 1 1 1 1 1 1 1 1 0 1 1 1 0 1 1 a 1 0 0 0 1 1 1 1 1 1 1 0 0 1 1 0 1 0 1 2 2 0 1 2 0 0 2 2 2 1 0 1 2 1 2 2 2 2 0 1 2 1 1 1 a 1 2 1 b 1 1 1 1 0 1 0 0 2 2 2 1 2 1 2 1 0 2 2 2 0 0 2 0 0 2 2 0 2 2 2 2 2 2 2 1 1 1 1 1 1 a 1 1 1 
1 1 0 0 1 0 1 0 1 0 0 1 1 1 1 1 0 1 1 0 1 1 0 1 1 1 1 1 1 1 1 0 1 0 1 0 0 1 1 1 0 0 1 1 1 1 1 1 1 1 1 0 1 1 1 1 1 1 1 1 1 0 0 0 1 a 1 1 1 1 1 1 0 1 1 1 1 1 0 1 1 1 1 0 2 2 2 1 2 2 0 0 0 1 2 2 2 1 0 1 1 1 2 1 1 0 1 1 1 1 a 0 1 2 b 0 1 1 1 1 1 0 2 1 1 2 2 1 0 1 1 1 2 1 1 2 1 0 2 0 2 2 2 1 0 2 0 0 0 1 2 1 1 1 1 1 a 1 1 1 
1 0 1 1 1 1 1 1 1 1 1 0 0 1 1 0 1 1 0 1 0 1 1 1 1 1 1 0 1 0 1 1 1 1 1 1 1 1 1 1 1 1 1 1 1 1 1 1 0 0 1 0 1 0 1 1 1 0 1 0 1 1 1 1 1 a 0 1 1 1 1 1 0 0 1 1 0 1 1 1 0 0 0 1 2 1 2 0 1 1 1 0 2 2 1 1 2 0 2 0 1 2 2 1 1 0 0 2 2 1 a 1 0 2 a 1 1 1 1 1 1 1 1 0 0 2 1 2 0 2 1 2 1 1 1 0 1 2 1 1 2 2 1 0 1 1 0 1 2 2 0 0 1 1 1 1 a 0 1 1 
1 0 1 1 1 1 1 1 1 1 1 1 1 1 0 1 1 1 1 1 1 1 1 0 1 1 1 1 1 1 0 0 1 0 0 1 0 1 1 1 1 1 1 1 1 0 1 1 1 1 1 1 1 1 1 1 1 1 0 1 1 1 1 1 1 a 0 1 1 0 1 1 1 1 1 1 1 0 1 1 1 1 0 1 2 2 1 2 2 1 1 1 1 2 0 2 0 0 2 2 0 1 2 2 2 2 1 2 1 0 a 1 2 0 b 1 1 0 0 1 1 1 0 2 2 2 2 2 2 1 1 2 0 0 1 2 2 1 2 2 1 1 0 2 1 1 1 1 1 1 0 2 1 0 1 1 a 1 1 1 
1 1 1 1 1 1 1 1 0 1 1 1 1 1 1 0 1 1 1 1 1 0 1 1 0 1 1 1 1 1 1 1 1 1 1 1 0 1 1 1 0 1 1 1 1 1 1 0 1 1 1 1 1 0 1 0 1 1 1 0 1 0 0 1 1 a 0 1 1 1 1 1 1 1 1 1 1 0 1 1 1 0 0 1 1 2 1 2 0 2 2 2 1 1 0 1 1 1 2 1 0 2 0 1 1 2 1 1 1 0 a 2 2 0 b 1 1 1 1 0 0 1 1 1 2 2 2 1 0 0 2 0 0 2 1 1 2 2 2 1 2 2 2 1 2 0 1 0 2 1 1 2 1 0 0 1 a 1 1 1 
1 0 0 0 1 1 1 1 1 1 1 1 0 1 1 0 0 1 1 0 1 1 1 1 0 0 0 1 1 1 0 1 0 1 1 1 1 1 1 0 1 1 0 1 0 1 0 1 1 1 1 0 1 0 1 1 0 0 1 1 1 1 0 1 1 a 1 0 1 1 1 1 1 0 0 1 1 1 1 1 1 1 0 1 1 0 0 1 1 2 1 1 2 1 2 2 2 2 1 1 2 0 1 0 2 2 1 2 2 2 b 2 0 2 b 1 1 0 1 0 1 0 1 2 2 1 0 2 2 1 0 2 0 0 0 2 1 0 1 1 2 1 2 2 2 1 1 2 1 2 1 1 0 1 1 1 a 1 0 1 
1 1 1 1 1 0 1 1 0 1 1 0 1 0 0 1 1 0 1 1 1 0 0 1 1 1 0 1 1 1 1 0 1 0 1 1 0 1 1 1 0 1 1 0 0 1 0 1 1 1 1 1 1 1 1 1 1 1 1 1 1 1 1 0 1 a 1 1 1 1 1 1 1 1 1 1 1 0 1 1 1 1 1 1 2 2 2 2 2 1 1 1 2 1 1 1 1 1 2 1 1 1 1 0 2 2 2 0 2 2 b 1 0 1 b 1 1 1 1 1 1 0 1 1 0 0 1 0 1 0 1 0 1 1 1 2 1 0 2 1 2 1 2 1 2 1 2 0 1 1 2 0 1 1 0 1 a 1 1 1 
0 1 1 1 1 1 1 1 0 1 1 1 1 1 1 1 1 1 1 1 0 1 1 1 1 0 1 1 1 1 0 1 1 1 0 0 1 1 1 1 1 1 1 1 1 1 1 1 1 1 1 1 1 1 1 1 1 1 1 1 0 1 1 1 1 a 0 1 0 1 1 0 1 0 1 1 1 1 1 1 0 1 1 1 0 2 1 1 2 2 0 1 1 1 1 0 2 2 2 1 1 1 1 2 1 1 2 2 1 2 b 1 2 2 b 1 1 1 1 1 1 1 0 1 0 2 2 1 2 0 2 2 2 2 2 0 2 0 1 1 1 1 1 1 2 2 2 0 2 2 2 1 1 1 1 0 a 1 1 1 
1 1 1 0 1 1 1 1 1 1 1 0 1 1 1 1 1 0 1 1 1 1 1 0 0 1 1 1 1 1 1 0 1 1 1 1 1 1 1 1 1 0 0 1 0 0 1 1 1 0 1 1 1 1 1 1 1 0 0 1 1 1 1 1 1 a 1 1 1 1 1 1 0 0 1 0 0 1 1 1 1 0 1 0 1 2 1 2 0 1 0 2 2 1 1 1 2 1 2 1 1 2 2 1 2 2 2 1 2 2 b 0 1 1 b 1 1 1 0 0 1 1 1 0 1 1 1 1 0 1 1 0 1 1 1 0 1 0 1 1 1 1 1 1 1 1 1 1 0 1 0 0 1 1 1 1 a 1 0 1 
0 1 0 1 1 0 1 1 1 1 1 1 0 0 1 0 1 1 1 1 0 1 1 1 1 1 1 1 1 1 1 1 0 1 1 1 1 0 1 1 1 1 1 1 0 1 1 1 0 1 0 1 1 1 1 1 1 1 1 1 1 0 0 1 1 a 1 1 1 0 1 1 1 1 1 0 1 1 1 1 1 1 0 1 0 1 2 0 0 2 0 0 1 2 2 1 2 2 1 1 2 1 1 2 2 0 1 1 2 1 a 2 0 0 b 1 1 1 1 1 0 1 1 0 1 0 1 1 0 1 1 0 1 1 0 1 1 1 1 1 0 0 1 1 1 1 0 1 1 1 1 1 1 1 0 1 a 1 1 1 
0 1 1 0 0 1 1 1 1 1 0 0 1 1 0 1 1 1 0 1 1 0 1 1 1 0 1 0 1 0 1 1 1 1 1 0 1 1 1 0 1 1 1 1 1 0 1 1 0 1 1 1 0 1 0 1 1 1 1 1 1 1 1 1 0 a 1 1 1 0 1 1 1 0 1 0 0 1 1 1 1 1 1 1 2 1 1 2 1 1 2 1 1 1 1 2 1 2 0 1 2 0 1 2 2 2 1 1 2 0 b 1 0 2 a 1 1 1 0 0 1 1 1 1 1 1 0 0 1 1 0 1 1 1 1 1 1 1 1 1 0 1 1 1 1 0 1 1 1 1 1 1 1 1 1 1 a 1 1 1 
0 1 1 1 0 1 0 0 0 1 1 1 1 1 0 1 1 1 1 1 0 1 1 1 1 0 1 1 1 1 1 0 1 1 0 1 1 1 1 0 0 1 1 0 1 1 1 1 1 1 1 1 0 0 1 1 0 1 1 1 1 1 0 1 1 a 1 1 1 1 1 0 1 1 1 1 1 0 1 1 1 1 0 0 1 2 2 1 1 2 2 2 2 2 1 2 0 1 2 0 1 2 1 0 2 1 2 1 2 2 b 1 1 2 a 1 1 0 0 1 0 1 0 1 1 1 1 1 0 1 0 1 0 1 1 1 1 0 1 1 1 1 1 1 1 0 1 1 1 1 1 1 1 1 1 1 a 1 1 1 
1 1 1 1 1 1 1 1 1 2 0 0 2 0 1 2 2 2 2 2 1 2 0 2 1 1 1 1 2 1 1 2 1 2 1 2 0 0 1 2 0 1 1 1 1 1 1 1 1 1 1 1 1 0 1 1 1 1 1 1 1 1 1 0 1 a 1 1 1 1 1 1 1 0 0 0 1 1 0 1 1 1 1 0 1 1 2 2 1 1 2 1 0 2 1 2 1 1 1 1 2 1 0 2 1 2 1 1 2 1 a 0 1 1 a 1 1 1 0 1 1 1 1 1 1 1 1 1 1 1 0 1 0 1 1 1 1 0 1 1 0 1 0 1 0 1 1 1 0 1 1 1 0 1 1 1 a 1 1 1 
1 1 1 1 1 1 1 1 0 0 1 1 1 2 2 1 1 2 1 2 1 1 0 0 0 1 1 2 2 2 0 1 1 2 1 2 2 2 0 1 1 1 0 1 1 1 1 1 1 0 1 1 1 0 1 1 1 1 0 0 0 1 1 1 1 a 1 1 1 1 0 1 1 0 1 1 1 1 1 1 1 0 1 1 2 1 2 1 2 2 0 0 2 1 1 1 2 1 2 1 1 2 1 0 2 2 0 0 2 1 b 1 1 2 a 1 1 1 1 1 1 1 1 1 1 0 1 1 0 0 1 1 1 1 1 1 1 1 1 1 0 0 1 1 1 0 1 1 0 1 1 1 0 1 1 1 a 1 1 1 
0 1 1 1 1 1 1 1 1 1 2 0 2 2 1 1 1 1 1 2 1 2 2 0 2 2 0 2 0 1 1 0 1 2 1 1 1 1 1 1 0 0 1 0 1 1 1 0 1 1 1 1 0 0 1 1 1 1 1 0 1 1 1 1 0 a 1 1 1 1 0 1 0 1 1 1 1 0 0 1 1 1 1 1 0 2 1 2 2 2 2 2 1 1 2 2 1 2 2 0 2 2 1 2 0 2 2 2 2 2 b 1 1 2 b 1 1 1 1 1 0 0 0 0 1 0 0 1 1 1 1 1 1 1 1 0 1 1 1 1 1 1 1 1 1 1 1 1 1 1 1 1 1 1 0 1 a 1 1 1 
1 0 1 1 1 1 1 1 1 1 1 1 1 2 0 1 0 0 1 2 1 0 1 1 1 2 1 2 0 1 2 0 1 2 1 1 2 1 2 1 1 1 0 1 1 1 1 0 1 1 1 0 1 1 1 0 1 1 1 0 1 1 1 1 1 a 1 1 1 1 1 0 1 1 1 1 0 1 1 1 1 1 1 1 2 2 2 0 1 1 2 2 1 0 1 1 2 1 1 1 1 1 1 1 1 0 2 2 0 0 a 1 1 0 a 1 1 1 1 0 1 1 0 1 1 1 1 1 0 1 1 1 1 1 1 1 1 0 0 1 1 1 1 1 1 0 1 1 1 0 0 1 1 0 1 0 a 0 1 1 
1 1 0 0 1 1 0 1 1 0 1 0 1 1 1 2 2 1 0 2 2 2 0 2 1 1 2 1 2 0 2 0 2 2 1 1 1 2 0 0 1 1 1 1 1 1 0 1 1 1 0 1 1 1 1 1 0 1 0 1 1 0 1 0 0 a 0 1 1 1 1 0 1 0 1 0 1 1 1 0 1 1 1 1 2 2 1 1 2 1 1 2 1 0 2 0 2 1 0 1 1 1 2 1 1 2 1 2 0 1 b 1 2 2 a 1 1 0 1 1 0 1 1 1 1 1 0 1 0 1 1 1 1 1 1 1 1 1 1 1 1 1 1 0 1 1 1 1 1 1 0 1 1 0 0 1 a 0 1 1 
1 1 1 1 1 0 1 1 1 0 2 1 1 1 2 1 1 2 0 1 0 0 0 0 2 2 2 2 0 2 2 2 0 2 2 2 2 2 2 2 2 0 2 1 2 1 1 0 1 1 2 2 1 1 1 1 1 1 0 1 1 1 0 1 0 a 1 0 1 1 0 1 1 1 1 1 1 1 1 1 1 1 1 0 1 0 1 2 1 1 1 0 1 1 1 1 0 0 0 2 1 2 2 2 2 2 0 2 2 0 b 2 1 1 b 1 1 0 1 1 1 1 1 0 1 0 1 1 1 0 0 1 1 0 0 0 1 1 1 1 0 1 1 1 1 1 1 1 1 1 1 0 1 1 1 1 a 1 1 1 
1 1 1 1 1 1 1 1 0 0 2 1 1 2 1 1 1 2 2 2 2 0 1 2 2 2 0 2 1 1 2 2 2 2 0 2 2 0 0 0 0 2 2 1 0 0 1 2 1 2 2 0 2 1 1 0 0 1 0 0 0 1 1 1 1 a 1 0 1 1 1 1 1 0 1 1 1 1 1 1 0 1 1 1 1 1 2 2 1 1 1 1 1 1 2 1 1 2 1 0 2 1 0 2 1 0 2 2 1 2 b 2 2 2 a 1 1 1 1 1 1 1 1 1 1 0 0 0 1 1 1 1 1 1 1 1 0 1 1 1 1 1 1 0 1 1 1 1 1 1 1 1 1 1 1 1 a 1 1 1 
1 0 0 0 1 0 1 1 1 1 2 0 2 0 1 1 0 2 1 2 1 2 2 2 1 2 1 2 0 2 2 0 2 0 2 2 2 2 2 2 0 2 2 2 2 1 2 1 2 2 2 0 2 1 1 0 0 1 1 1 1 1 1 1 1 a 1 1 0 1 0 0 1 1 1 1 1 1 1 1 1 0 1 1 1 1 0 1 1 2 1 1 2 1 0 1 2 1 0 2 0 2 2 2 2 1 1 0 2 2 b 0 1 2 b 1 1 1 1 1 1 1 1 1 1 1 1 1 1 1 0 1 1 1 1 1 1 1 1 0 1 1 1 1 1 1 1 1 1 1 1 1 1 0 0 1 a 1 0 1 
1 1 0 1 1 0 1 1 1 1 1 1 2 1 0 2 2 2 2 1 1 2 2 0 2 1 2 0 1 2 2 2 2 2 2 0 2 2 2 2 0 1 2 1 2 1 1 2 2 1 2 1 1 0 1 1 1 1 1 1 1 0 1 1 0 a 1 1 1 1 1 0 0 1 1 1 1 0 0 1 1 0 1 1 2 0 2 1 1 1 1 1 1 2 0 2 2 2 1 1 1 1 0 1 2 2 0 1 0 1 a 1 2 2 b 1 1 0 1 1 1 0 1 1 1 1 1 1 1 1 1 1 1 0 1 1 1 1 1 1 1 1 1 1 1 1 1 1 1 0 1 1 1 1 1 0 a 1 1 1 
0 0 1 1 1 1 1 1 1 2 2 0 1 1 2 2 2 2 2 1 1 1 2 1 2 1 2 2 1 1 2 2 0 2 2 2 1 1 2 1 2 1 1 0 2 1 2 2 2 2 1 2 1 1 1 1 1 0 1 0 0 1 0 1 1 a 1 1 0 1 0 1 1 0 0 1 0 1 0 1 1 0 0 1 1 1 1 0 1 1 2 2 1 2 1 2 2 0 2 2 1 2 2 1 0 0 0 1 1 2 a 1 2 0 b 1 0 1 1 1 0 1 1 1 0 1 0 1 1 0 1 1 1 1 1 1 1 0 0 1 0 0 0 1 1 1 1 1 1 1 1 1 1 1 1 1 a 1 1 0 
0 1 1 1 1 1 0 1 1 1 1 1 2 1 1 2 2 0 0 1 1 1 2 2 0 0 2 2 0 1 2 2 0 2 2 2 0 2 2 2 2 0 2 2 2 0 1 1 2 2 2 1 1 1 0 0 1 0 1 1 1 1 1 0 1 a 1 1 1 1 1 1 1 1 1 1 1 1 1 1 1 1 1 1 1 0 2 1 2 1 0 1 2 2 1 1 1 0 0 0 1 1 0 0 2 1 1 1 1 2 a 1 2 2 a 1 1 1 1 1 1 1 1 0 1 1 1 1 1 1 0 1 0 0 1 1 1 1 1 1 1 1 1 1 1 1 1 1 0 1 1 1 1 1 1 1 a 1 1 1 
1 1 1 1 1 1 1 1 1 0 1 0 2 1 0 0 2 0 2 0 1 2 2 2 0 0 0 1 2 2 2 2 2 2 0 0 2 1 2 2 2 0 2 0 2 1 1 0 1 1 2 1 2 1 1 0 1 0 1 1 1 1 0 1 1 a 1 1 0 1 1 0 0 1 1 1 0 1 1 1 1 1 1 1 1 0 1 1 1 1 1 1 1 1 1 1 1 1 1 1 1 0 1 1 1 1 1 1 1 1 a 1 0 0 a 1 0 1 1 1 1 0 0 1 1 1 1 0 1 1 1 1 1 1 1 1 1 1 1 1 0 1 1 1 0 1 1 1 0 0 1 0 1 0 1 0 a 1 1 1 
1 1 1 0 1 0 0 1 1 1 0 1 1 0 0 2 1 2 1 0 2 1 2 2 2 1 2 2 2 2 1 0 2 2 2 2 2 2 1 1 2 0 2 1 0 1 0 1 2 1 1 1 2 0 1 1 1 1 0 0 1 1 1 0 0 a 1 1 1 1 1 1 1 0 1 1 1 1 0 1 1 1 1 1 1 1 0 1 1 1 1 1 1 1 1 1 1 1 1 1 1 0 1 0 1 0 1 0 1 1 a 1 1 1 a 0 1 0 1 1 1 1 1 1 1 1 1 1 1 1 1 1 0 1 1 0 0 0 0 0 1 1 1 1 1 1 1 1 1 1 0 1 1 0 1 1 a 1 1 0 
1 1 1 1 1 1 1 0 1 2 2 2 0 2 2 1 2 1 2 1 1 2 1 0 2 2 2 1 2 2 0 2 0 0 1 1 1 2 2 2 1 0 0 1 0 2 2 2 1 0 2 2 2 1 1 1 1 0 1 1 1 1 0 0 1 a 0 1 1 1 1 1 1 1 0 1 1 1 1 1 0 1 0 1 1 1 1 1 1 1 1 0 1 1 0 1 1 1 1 0 0 1 1 1 1 1 0 1 1 0 a 1 1 0 a 1 0 1 1 1 1 1 1 1 0 1 1 0 1 1 1 1 1 0 1 1 1 1 1 1 1 0 1 0 1 1 0 1 1 1 1 1 1 1 1 1 a 1 1 0 
1 1 1 1 0 0 0 1 1 1 0 1 1 0 1 1 2 1 2 1 2 1 2 2 2 2 2 0 2 2 0 2 2 0 1 2 2 2 1 2 2 1 1 0 2 1 1 1 0 2 0 0 0 1 0 1 1 1 1 1 1 1 1 0 1 a 1 1 1 1 0 1 0 1 0 1 1 0 1 1 1 1 0 1 1 1 1 1 0 1 1 1 1 1 0 1 0 1 1 1 0 0 1 1 1 1 1 0 1 1 a 1 1 1 a 1 1 1 0 0 0 0 1 1 1 1 1 1 1 0 1 0 1 1 1 1 1 1 0 0 0 0 1 0 0 1 1 1 1 1 1 1 1 1 1 1 a 1 1 1 
1 1 1 1 0 0 1 0 1 2 1 0 1 2 0 1 0 1 2 0 0 0 2 2 0 2 2 2 2 1 0 2 2 0 2 2 0 2 2 1 1 0 2 1 2 2 1 2 0 2 2 0 2 1 1 1 1 1 1 1 1 1 1 0 1 a 1 1 1 1 1 1 1 1 1 1 1 0 1 1 1 1 1 0 0 1 1 1 1 1 0 1 1 1 1 0 1 1 1 0 0 1 0 1 0 1 1 1 1 1 a 1 1 1 a 1 0 1 1 1 1 1 1 1 1 1 1 1 1 1 1 1 1 0 0 1 1 1 1 1 0 0 1 1 1 0 0 0 1 1 1 1 1 1 1 1 a 1 1 1 
1 1 1 1 1 1 1 1 1 1 2 2 1 1 2 1 1 1 2 2 2 1 0 1 0 0 0 2 0 2 1 2 2 2 2 0 2 2 2 2 0 1 2 2 0 2 2 0 1 1 2 1 1 1 1 1 1 1 1 1 1 1 1 1 0 a 1 1 1 1 1 1 1 1 0 1 1 1 1 1 0 1 1 1 1 1 1 1 1 0 1 1 1 1 0 1 1 1 1 1 1 1 1 1 1 0 0 1 0 1 a 1 0 0 a 1 0 1 0 1 1 1 0 1 1 1 1 0 1 1 1 1 1 1 1 0 1 1 0 1 1 1 1 1 0 1 0 1 1 1 1 1 0 0 0 1 a 0 0 1 
0 1 1 1 1 1 1 1 0 1 1 0 0 2 0 0 2 2 1 1 1 1 0 2 2 1 2 2 1 0 2 2 0 0 2 2 2 0 2 2 1 1 0 1 1 0 0 1 2 2 1 2 0 1 0 1 1 0 1 1 1 0 1 1 1 a 1 1 1 0 1 0 0 1 1 1 0 1 1 1 0 1 1 0 1 1 1 1 0 0 1 1 0 1 1 1 0 0 0 1 1 0 1 1 0 1 1 1 0 1 a 1 1 1 a 1 0 1 1 1 1 0 1 0 1 1 0 0 1 1 1 1 0 1 1 1 0 1 1 1 1 1 1 1 1 1 0 1 1 1 1 1 1 1 1 0 a 1 1 1 
1 1 1 0 1 1 0 1 1 0 1 0 2 1 0 0 1 2 1 0 0 0 0 2 0 0 0 2 2 1 2 2 1 2 2 2 2 2 0 2 2 2 2 1 0 1 2 2 1 2 1 2 1 0 1 1 0 0 0 1 0 1 1 1 1 a 0 1 0 1 1 1 1 0 1 1 0 1 1 1 1 1 1 0 1 1 0 0 1 1 1 1 1 0 1 1 1 1 1 1 1 1 0 1 1 1 1 0 0 1 a 1 1 1 a 1 1 1 1 1 1 1 1 0 1 1 0 1 0 1 1 1 1 1 1 0 0 1 0 1 0 0 0 1 1 1 1 1 1 0 1 0 1 1 0 0 a 1 0 1 
1 1 1 1 1 1 0 1 0 2 1 2 2 1 2 2 1 2 0 0 0 1 2 2 2 2 2 0 2 2 2 1 2 0 2 2 2 1 0 1 1 2 2 1 1 0 2 2 2 1 1 2 0 1 1 1 1 1 1 1 1 0 1 1 1 a 1 1 0 0 1 1 1 1 1 1 0 1 1 1 1 1 1 1 1 1 0 1 1 1 1 1 1 1 1 1 0 1 1 1 1 1 1 1 1 0 1 1 1 0 a 1 1 0 a 1 1 1 1 1 0 1 1 1 0 1 0 1 1 1 0 1 1 1 0 1 1 1 1 1 1 0 1 1 1 1 1 1 1 1 1 1 1 1 0 1 a 1 1 0 
1 0 1 1 1 1 1 1 1 0 1 2 0 0 1 2 1 2 2 2 1 0 0 2 1 1 0 1 0 2 0 1 1 2 2 2 1 2 1 2 1 1 2 1 2 0 0 0 1 1 2 1 1 0 1 1 1 1 1 0 1 0 1 1 1 a 0 1 1 1 1 1 0 0 1 0 0 1 1 1 1 1 1 1 1 1 1 1 0 0 0 0 1 0 1 0 1 1 1 1 1 1 1 1 1 1 1 1 1 1 a 1 1 1 a 0 1 1 1 1 1 1 0 1 1 1 0 1 1 0 1 0 0 0 1 1 1 0 1 1 1 1 0 1 0 1 1 1 0 1 1 0 1 1 1 1 a 1 1 0 
1 1 1 1 1 1 0 1 0 2 2 2 2 1 1 2 2 2 0 2 2 2 2 1 2 2 1 0 2 2 2 2 2 0 2 2 2 2 1 2 2 2 2 2 2 1 2 0 1 2 2 1 1 0 2 2 1 1 0 1 1 1 1 1 1 a 1 1 1 0 1 1 1 1 1 1 0 1 1 0 1 1 0 1 1 1 1 1 1 1 1 1 1 1 1 1 1 1 0 1 1 1 1 1 0 0 1 1 0 1 a 1 1 1 a 1 1 0 1 1 1 1 1 1 1 1 0 1 1 1 1 1 1 1 1 1 0 0 1 0 0 1 1 1 0 0 1 1 0 0 1 1 1 0 0 1 a 1 0 0 
0 1 1 1 0 1 1 1 0 0 1 0 1 2 2 1 1 1 0 1 1 1 1 2 0 0 2 2 2 2 2 2 2 2 2 0 2 2 2 0 2 2 2 2 0 1 1 0 0 2 2 1 0 2 1 2 2 1 1 1 1 1 1 1 1 a 1 1 1 1 0 1 1 0 1 1 1 1 1 1 1 1 1 1 1 1 1 1 1 1 1 1 0 1 1 1 0 1 1 1 0 1 1 1 1 1 0 1 1 1 a 1 0 1 a 1 1 0 0 0 1 1 1 0 1 0 1 1 1 1 1 1 1 1 0 1 1 1 1 1 1 0 1 0 1 1 1 1 0 1 0 1 1 1 1 1 a 1 1 1 
1 1 1 1 0 1 1 1 1 0 2 0 2 0 2 2 1 0 0 2 2 2 2 1 0 2 0 2 2 2 0 2 2 2 2 1 0 2 2 2 2 1 2 0 2 2 0 2 2 2 1 2 0 2 0 1 1 1 1 1 1 1 1 1 1 a 1 1 1 1 0 1 1 1 1 1 1 1 1 0 0 0 1 0 1 0 1 1 0 1 1 1 1 1 1 1 1 0 0 1 0 0 1 1 1 1 0 1 1 1 a 1 1 1 a 0 1 1 1 1 1 0 1 1 1 1 0 0 1 1 1 0 1 1 1 1 1 1 1 1 1 1 1 1 1 1 1 0 1 1 0 1 1 1 0 1 a 1 0 1 
1 0 0 1 1 1 1 1 1 2 1 1 0 2 1 2 2 2 2 2 2 1 2 1 2 2 2 0 2 2 0 2 2 1 0 0 2 2 0 0 2 1 1 1 0 0 1 2 2 2 1 2 2 1 2 0 2 1 1 1 1 1 1 1 1 a 1 1 1 1 1 1 1 1 0 1 1 1 1 1 1 1 0 1 1 1 1 1 1 1 1 1 1 1 1 1 1 1 1 1 1 1 1 1 1 1 1 1 1 1 a 1 1 1 a 1 0 1 1 1 1 1 1 1 0 0 1 1 0 1 1 1 1 1 1 1 1 1 1 1 1 1 1 1 0 1 1 1 1 1 1 1 1 1 0 0 a 1 1 1 
1 1 1 1 1 1 0 1 1 2 2 1 0 2 2 2 0 0 2 2 1 2 0 2 1 2 2 0 2 2 2 2 0 2 0 2 2 2 2 2 2 2 0 2 2 2 2 2 2 1 2 2 1 1 2 2 2 1 1 1 1 1 1 1 1 a 1 1 1 1 1 1 0 1 1 1 1 1 1 0 1 1 1 1 0 1 1 0 1 1 1 1 1 1 1 1 0 1 1 1 1 1 0 0 0 1 1 1 1 1 a 1 1 1 a 1 1 1 1 0 1 1 1 0 0 1 1 1 1 0 1 1 1 1 1 0 1 1 1 1 1 0 1 0 0 0 1 1 1 1 1 0 1 1 1 1 a 1 0 1 
0 1 0 1 1 1 0 1 1 2 2 2 0 1 0 2 0 2 0 0 1 0 0 2 2 2 2 2 2 2 0 2 2 2 2 0 2 2 0 2 0 0 1 2 2 2 2 0 1 2 2 0 0 1 0 1 0 1 1 1 0 1 1 1 1 a 1 1 1 0 0 1 1 0 1 1 1 1 1 1 1 0 1 1 0 1 1 1 0 0 1 1 1 1 1 1 1 1 1 1 1 0 1 0 1 1 1 1 1 1 a 1 1 0 a 1 1 1 1 1 1 1 1 1 1 0 0 1 1 1 0 1 1 1 0 0 1 1 1 1 1 1 1 1 0 1 1 0 1 0 0 1 1 0 1 1 a 1 1 1 
0 1 1 1 1 1 1 1 0 2 0 2 2 1 2 2 0 2 0 2 1 2 2 0 2 0 2 2 2 0 2 2 2 2 2 0 2 2 0 0 2 2 0 2 0 2 1 2 2 2 2 2 0 1 2 1 2 1 1 1 1 1 1 1 0 a 1 1 1 1 1 0 1 1 1 0 1 1 1 0 0 1 1 1 1 1 1 1 1 1 1 1 0 0 1 1 1 1 0 1 1 1 1 1 0 1 0 1 1 1 a 1 1 1 a 1 1 1 1 1 0 1 1 1 1 1 0 1 1 1 0 1 1 1 1 1 0 1 1 1 0 1 1 1 0 1 0 1 1 1 1 1 0 1 1 1 a 0 1 1 
0 0 1 1 0 1 1 1 1 0 2 1 0 2 2 1 2 2 2 2 2 0 2 2 2 2 2 2 2 2 2 2 2 2 2 0 2 2 2 2 2 2 2 2 0 1 2 2 1 2 2 2 0 2 0 0 0 0 1 0 1 0 1 0 1 a 0 0 1 1 1 1 1 1 1 1 1 1 1 1 1 1 0 1 1 1 1 1 1 0 0 1 1 1 1 1 1 1 1 1 1 1 1 0 1 1 0 1 1 1 a 1 1 1 a 0 1 1 1 1 1 1 1 1 1 0 0 1 0 1 1 0 1 1 1 0 1 1 1 1 1 1 1 1 1 1 1 0 0 1 1 1 1 1 0 1 a 1 1 1 
1 1 1 1 0 1 0 1 1 2 1 1 1 1 2 2 2 1 0 0 2 2 0 2 0 0 2 2 1 2 2 2 2 2 2 1 2 2 2 0 2 2 2 2 2 0 2 0 2 2 1 2 2 0 0 1 2 1 1 1 0 1 1 0 1 a 1 1 1 1 1 1 1 1 1 1 1 0 1 0 0 0 1 1 0 1 0 1 1 0 1 0 1 1 0 1 0 1 1 1 1 1 1 1 1 1 1 1 1 1 a 1 1 1 a 1 1 1 1 1 1 0 1 1 1 1 1 0 0 0 1 0 0 1 1 1 0 1 1 1 1 1 0 1 1 1 1 1 1 0 1 0 1 1 0 0 a 1 1 0 
1 1 1 1 1 1 1 0 1 1 2 1 1 2 2 0 2 1 2 0 0 2 2 2 0 0 2 2 2 2 2 2 2 0 2 2 2 2 2 2 2 2 2 2 2 0 0 1 0 2 2 2 2 0 0 2 1 1 1 1 1 1 1 1 1 a 1 1 1 1 1 0 1 1 1 1 0 1 1 1 1 1 1 1 1 1 1 0 1 1 1 1 1 0 1 1 1 1 1 0 1 0 1 1 1 0 1 0 1 1 a 1 1 0 a 0 1 0 1 0 1 1 1 1 1 1 1 1 1 1 1 1 1 0 1 1 0 1 1 1 1 0 0 1 1 1 1 0 0 1 1 0 0 0 1 1 a 1 1 1 
1 0 0 1 1 1 1 0 1 1 1 1 0 1 1 1 0 1 2 1 2 2 2 1 1 2 2 2 2 2 2 2 2 1 2 2 2 0 0 0 2 2 2 2 0 2 2 2 0 1 1 0 0 2 0 1 2 1 1 1 0 1 1 0 1 a 1 1 1 1 1 1 1 1 1 1 1 1 1 1 1 0 1 1 1 1 1 1 1 1 1 1 1 0 1 1 1 1 1 1 1 1 0 1 0 1 1 0 1 1 a 0 1 1 a 1 1 0 0 1 0 1 1 1 1 1 1 1 1 0 1 0 0 1 1 0 0 1 1 0 1 1 1 1 1 1 1 0 1 1 0 1 0 0 1 1 a 1 1 1 
1 1 1 1 1 1 1 1 1 0 0 1 1 1 1 1 0 1 1 1 2 1 2 0 0 2 2 2 2 1 2 2 2 2 2 2 2 2 2 2 2 2 2 2 2 2 2 1 0 2 2 2 1 2 1 1 0 1 0 1 1 1 1 0 1 a 0 1 1 1 1 1 1 1 0 1 0 1 1 1 1 1 1 0 1 0 0 1 1 1 1 1 1 1 1 1 1 1 1 1 1 0 0 1 1 1 1 1 1 0 a 1 1 1 a 0 1 1 1 0 1 1 1 1 1 1 0 1 1 1 1 1 1 0 1 0 1 0 1 1 1 0 0 1 1 1 1 1 0 1 0 1 1 1 1 1 a 1 1 1 
1 1 1 1 1 1 1 1 1 1 1 1 1 1 1 1 1 1 1 1 1 0 2 2 1 2 2 2 0 2 0 2 2 2 2 2 0 0 2 2 2 2 2 0 2 2 2 2 2 0 0 2 0 2 2 1 2 1 1 1 1 1 0 0 1 a 1 1 0 0 1 1 1 1 1 1 0 1 1 1 1 0 1 1 0 0 0 1 1 1 1 1 1 0 0 0 1 1 1 1 1 1 1 1 1 1 0 0 0 1 a 1 1 1 a 1 1 1 0 1 1 1 1 1 1 1 1 0 1 1 1 1 1 1 1 1 1 1 1 0 1 1 1 0 1 1 1 0 1 1 0 0 1 1 1 1 a 0 1 1 
1 1 1 1 1 1 1 1 1 1 1 1 1 1 0 2 1 2 1 1 1 2 2 0 2 2 2 0 2 2 0 2 1 2 0 2 0 0 2 2 2 0 0 2 2 2 0 1 2 2 2 0 2 2 0 2 1 1 0 1 1 1 1 1 1 a 1 0 1 1 1 1 0 1 1 1 1 1 1 1 0 1 1 1 1 0 0 1 0 0 1 0 1 1 1 1 1 1 1 1 1 1 1 0 0 1 1 1 1 1 a 1 1 1 a 1 0 1 0 0 1 1 1 1 1 1 1 1 1 1 1 1 1 1 1 1 0 1 1 1 1 0 1 1 1 1 1 1 1 1 1 0 0 0 0 1 a 1 1 0 
1 1 1 1 0 0 0 1 1 1 1 1 1 1 1 1 2 1 1 0 0 2 2 2 2 1 2 2 0 2 0 2 2 2 2 2 2 2 2 2 2 2 2 2 0 2 0 2 2 2 2 2 2 2 2 2 0 1 1 1 1 0 1 0 1 a 1 1 1 0 0 1 1 1 1 1 0 1 1 1 1 1 1 1 0 1 1 0 1 1 1 1 1 1 1 1 0 0 1 1 1 0 1 1 1 1 1 1 0 1 a 0 1 1 a 1 0 0 1 1 0 1 1 1 1 1 1 1 1 0 1 1 1 0 1 1 1 1 1 1 1 1 1 1 1 1 1 1 1 1 1 1 1 0 1 1 a 1 1 1 
1 1 1 1 0 0 0 1 1 1 1 1 0 0 1 0 0 1 1 0 0 2 2 2 0 2 2 2 2 1 2 0 0 2 1 2 1 0 2 2 2 2 2 2 2 2 2 1 2 2 1 2 0 1 2 1 0 1 1 1 1 1 1 1 1 a 1 1 0 1 0 1 0 1 1 1 1 1 1 0 0 1 1 1 1 1 1 1 0 1 1 0 1 1 1 1 1 1 1 1 1 0 0 1 0 1 1 1 0 1 a 1 1 1 a 1 1 0 1 1 1 0 1 1 1 1 0 1 1 1 1 1 0 0 0 1 1 0 0 1 1 1 1 1 0 1 1 1 1 1 1 0 0 0 1 1 a 1 1 1 
1 1 1 1 0 1 0 1 0 0 1 0 1 1 0 1 2 0 2 1 2 0 1 2 0 2 2 2 2 2 2 2 2 1 2 1 2 2 0 1 2 1 0 2 1 2 1 2 2 2 2 2 0 0 2 0 2 0 0 0 0 0 1 1 1 a 1 1 0 1 1 1 1 1 1 1 1 1 0 1 1 1 1 1 1 1 1 1 1 1 1 1 1 1 1 1 0 1 1 1 0 1 1 0 1 1 1 0 1 1 a 1 1 1 a 1 0 1 1 1 1 1 1 1 1 1 1 1 0 1 1 1 1 1 1 1 1 1 1 1 1 1 0 1 1 0 0 1 1 1 1 0 1 1 0 1 a 1 0 1 
1 1 1 1 1 0 1 1 0 1 1 0 1 1 1 1 0 2 0 2 2 2 2 0 2 0 0 0 2 2 2 2 2 2 2 2 2 2 2 2 2 0 2 0 2 2 0 2 2 0 2 0 1 1 2 2 0 0 1 0 2 1 1 1 1 b 2 1 0 1 1 1 0 1 0 1 1 1 1 1 1 0 0 1 1 1 1 0 1 0 0 1 1 1 0 1 1 1 1 1 1 0 0 1 1 1 1 0 1 1 a 1 1 1 a 0 1 1 1 1 0 1 0 1 1 1 1 1 1 0 1 0 1 0 1 1 0 0 1 1 0 1 0 0 1 1 1 0 1 1 1 0 0 1 1 1 a 1 0 1 
0 0 0 1 1 1 1 1 1 0 1 1 1 1 1 2 2 1 0 2 0 0 1 2 2 0 2 2 2 2 2 2 1 2 0 1 2 2 2 2 2 0 2 2 2 2 2 2 0 2 1 1 2 2 1 2 0 1 0 2 1 2 0 2 1 a 0 1 1 1 1 1 1 1 1 1 1 0 1 1 1 1 1 0 1 1 1 1 1 0 1 1 0 1 0 1 1 1 1 1 1 1 1 1 1 1 1 1 1 0 a 1 1 0 a 1 1 0 1 1 1 1 1 1 1 0 0 1 1 1 1 1 1 1 1 1 1 1 1 1 1 1 1 1 0 0 1 0 1 1 1 1 0 1 1 1 a 0 1 1 
1 1 1 1 1 1 1 1 0 1 1 0 1 0 1 2 2 1 1 1 1 0 2 1 2 2 2 2 0 1 2 0 2 2 2 2 0 2 2 2 2 2 0 2 1 2 0 2 2 2 2 2 2 0 1 1 2 1 1 1 2 2 1 2 1 a 0 0 0 1 1 1 1 0 1 0 1 1 1 1 1 0 1 1 0 0 0 1 1 1 1 1 1 1 1 1 1 1 1 1 0 1 1 1 1 1 1 1 0 1 a 1 0 1 a 1 1 1 0 1 0 1 1 1 0 1 1 1 1 1 1 0 1 0 0 1 1 0 1 1 1 1 1 1 0 1 1 1 1 1 0 0 1 1 1 1 a 0 0 0 
1 1 1 1 0 0 1 1 0 1 1 1 1 0 0 1 2 2 0 1 1 2 2 0 1 2 2 2 2 2 2 2 2 2 2 1 0 2 2 0 2 2 2 0 2 2 2 2 2 1 2 2 1 2 2 2 2 2 2 0 2 0 2 1 2 a 2 1 1 0 1 1 0 1 1 1 0 1 1 1 1 1 1 1 0 1 1 0 1 1 1 1 1 1 0 1 0 1 0 1 1 0 0 0 0 1 0 1 1 1 a 1 1 1 a 1 0 1 1 1 0 1 1 1 1 1 1 1 1 1 1 1 1 1 0 1 1 1 1 0 1 1 1 0 1 1 1 0 1 1 1 1 1 1 1 1 a 1 0 1 
1 1 1 1 1 1 1 1 1 1 1 1 0 1 1 2 2 0 2 2 1 2 2 0 1 2 0 2 2 2 2 2 0 2 0 2 2 2 2 2 2 0 2 2 2 0 2 1 0 2 2 0 1 2 1 1 2 0 1 2 0 2 1 2 0 b 1 1 1 1 1 1 1 1 1 1 1 1 1 1 1 1 1 1 1 1 1 1 1 1 1 0 0 1 0 1 1 1 1 1 1 1 1 0 0 1 1 1 1 0 a 1 1 1 a 1 0 1 0 1 1 1 1 1 0 0 0 1 0 1 1 1 1 1 1 1 1 1 1 1 0 1 1 1 1 1 1 1 0 1 1 0 1 0 0 1 a 1 1 1 
1 1 1 1 0 1 0 1 1 1 0 1 1 1 0 1 0 1 1 1 1 2 2 0 2 2 2 0 2 2 2 0 2 2 2 2 2 2 2 2 0 2 2 2 2 2 2 2 2 1 2 0 1 2 2 2 2 0 2 0 1 2 0 0 1 a 2 1 1 1 0 1 1 1 1 1 0 1 1 1 1 0 1 1 1 1 1 1 1 0 1 1 1 0 1 1 1 1 0 1 1 1 1 1 1 1 1 0 1 1 a 1 1 1 a 1 1 1 1 1 1 0 0 1 1 0 1 1 1 1 1 1 1 0 1 1 1 0 1 1 1 1 1 1 1 1 1 1 1 1 1 0 1 1 1 1 a 1 1 1 
1 1 1 1 1 1 1 1 1 1 1 1 1 0 0 1 2 2 0 0 1 1 2 2 2 2 2 0 2 2 1 2 2 2 2 2 2 0 2 0 2 2 2 2 2 2 2 2 2 2 1 2 0 2 1 0 1 0 1 1 2 2 1 2 2 a 2 1 0 1 1 1 1 1 1 0 1 1 1 0 1 1 0 1 0 1 1 0 1 0 1 1 0 1 1 1 0 0 1 1 1 1 0 1 0 1 1 1 1 1 a 1 1 1 a 0 1 0 1 0 1 1 1 1 1 1 1 1 1 1 1 1 1 1 1 1 1 1 1 1 0 1 0 1 1 1 1 0 1 0 1 1 1 1 1 1 a 1 1 1 
1 0 0 1 1 1 1 1 0 1 1 1 0 1 1 1 2 2 1 1 0 2 0 2 2 2 2 2 2 2 1 2 2 2 0 0 0 0 2 2 2 2 2 0 2 2 2 0 0 2 0 2 2 2 2 0 2 2 1 2 1 1 2 2 1 a 1 1 1 1 1 0 1 1 1 1 0 1 1 1 1 0 1 0 0 1 0 0 1 1 0 1 1 1 1 1 1 1 0 1 1 0 1 1 1 0 1 1 0 1 a 1 1 1 a 1 1 1 1 0 1 1 1 1 1 0 0 1 1 1 1 1 1 1 1 1 0 1 1 0 1 1 1 1 1 1 1 0 1 1 1 1 1 0 1 1 a 1 0 1 
1 1 1 1 1 1 1 1 1 1 1 0 1 1 1 1 2 1 2 1 1 2 2 2 1 1 2 2 2 0 2 2 0 2 2 2 2 2 2 0 2 0 2 2 2 0 2 2 0 2 2 2 0 1 2 2 2 1 0 0 2 0 1 1 1 b 2 1 0 1 1 1 0 1 1 1 1 1 0 1 1 1 1 1 0 1 1 1 0 1 1 1 1 0 1 1 1 1 0 1 0 1 1 1 1 1 1 0 1 1 a 1 1 0 a 1 0 1 0 1 0 0 1 1 1 1 1 1 1 1 0 1 1 1 0 1 1 1 1 1 1 1 1 0 1 1 1 1 1 1 1 1 1 1 1 1 a 1 1 1 
1 1 1 1 0 0 0 1 1 1 1 1 0 0 1 1 2 1 1 1 0 0 0 1 2 1 2 2 1 2 2 2 2 2 2 2 2 0 2 2 0 2 2 2 2 0 0 0 2 0 2 2 2 1 2 2 2 1 0 1 2 2 0 2 1 b 2 1 1 1 1 1 1 1 1 0 1 1 0 1 1 1 1 1 1 1 1 1 1 1 1 1 1 1 1 1 1 0 1 1 1 1 1 0 1 0 1 1 1 0 a 0 1 1 a 1 1 1 1 0 0 1 1 1 1 1 1 1 1 1 1 1 1 1 1 1 1 0 1 1 0 1 0 1 1 1 1 0 1 1 1 1 1 1 1 1 a 1 1 1 
1 1 1 1 1 1 1 0 1 0 1 0 1 1 1 2 0 0 2 0 2 2 1 1 2 0 2 2 0 2 2 2 2 0 2 1 2 1 2 0 0 0 2 2 2 2 2 2 2 2 2 2 2 2 1 1 2 2 2 1 2 2 2 1 2 a 0 1 1 1 1 1 1 1 1 1 0 1 1 1 1 0 1 0 0 1 1 1 1 1 0 1 1 0 1 1 1 1 1 1 0 0 1 1 1 1 1 1 0 1 a 1 1 0 a 1 0 0 1 1 0 1 1 1 1 1 0 1 1 0 1 1 1 1 1 1 1 1 1 1 1 1 0 1 1 1 1 0 1 1 1 1 0 1 1 1 a 1 1 1 
1 0 0 0 1 1 1 1 1 0 0 1 1 1 1 2 2 2 2 0 1 1 2 0 2 2 0 0 1 1 2 2 2 2 2 2 2 0 2 2 2 2 2 0 2 2 2 1 1 2 2 2 1 1 2 1 2 2 2 1 0 2 1 1 2 b 1 1 0 1 1 1 1 1 1 1 0 1 0 1 1 1 1 1 1 0 1 1 1 1 1 0 1 1 0 0 1 1 1 0 1 1 1 1 1 1 1 1 1 1 a 1 1 0 a 1 1 1 1 1 1 1 1 0 1 0 1 1 1 1 1 1 0 1 1 1 1 1 1 1 1 1 1 0 1 1 0 1 0 1 1 1 1 1 1 1 a 1 1 1 
1 1 1 1 1 0 1 1 1 1 1 0 1 1 1 1 2 2 0 0 1 2 2 1 2 2 2 2 2 0 2 2 2 2 2 2 2 0 0 2 2 2 2 0 2 2 2 2 0 0 2 2 2 0 2 2 0 1 2 0 1 1 2 1 0 b 1 1 1 1 1 0 1 1 1 1 0 1 1 1 1 1 1 1 0 1 1 1 1 0 0 1 1 0 0 1 1 0 1 1 1 1 0 1 0 1 1 1 0 0 a 0 0 1 a 1 1 1 1 0 1 0 1 1 0 1 1 1 1 0 0 1 1 1 0 1 1 1 0 1 0 1 1 0 0 1 1 1 0 1 1 1 1 1 1 1 a 1 1 1 
1 1 1 1 1 1 1 1 0 1 1 0 0 1 0 2 0 1 0 2 2 0 2 1 1 1 2 2 2 0 2 0 2 0 0 2 2 2 2 0 2 2 2 2 0 0 2 1 2 0 2 2 0 0 2 1 2 1 2 0 0 2 1 0 1 b 2 1 0 1 1 1 1 1 1 1 1 1 1 1 1 1 1 0 1 1 1 1 0 1 0 1 1 1 1 0 0 1 0 1 1 1 0 1 1 1 0 1 1 1 a 0 1 1 a 1 1 1 1 1 1 0 0 0 1 1 1 1 0 1 1 1 1 1 1 1 1 1 1 1 1 1 1 1 1 1 1 1 0 1 1 0 1 0 0 1 a 1 1 1 
1 0 1 1 1 1 1 1 1 1 1 1 1 1 1 2 0 2 2 2 1 1 1 0 2 2 2 2 2 1 2 1 0 2 1 1 1 2 0 2 2 0 2 2 2 2 2 1 2 0 2 2 2 2 2 0 1 2 1 1 2 2 1 2 2 b 1 1 1 1 1 1 1 1 1 1 1 1 1 1 0 0 1 1 1 1 1 1 1 0 1 1 1 1 1 1 0 1 1 1 1 0 1 0 1 1 1 0 1 1 a 1 1 1 a 1 1 1 1 1 0 1 1 1 1 1 0 1 1 1 1 1 1 1 1 0 1 1 1 1 1 0 0 1 0 0 1 1 1 0 0 0 1 1 1 1 a 1 1 1 
1 1 1 1 1 1 1 1 1 1 1 1 1 1 1 1 2 0 2 1 2 2 2 0 0 2 0 2 2 1 2 2 2 2 1 2 1 2 2 2 2 2 2 2 2 2 1 2 2 0 2 2 1 2 1 0 1 2 2 0 2 2 0 2 2 a 1 1 0 1 0 1 1 1 0 0 1 0 1 1 1 0 1 1 1 1 1 1 1 1 1 0 1 1 0 1 1 1 1 1 0 1 1 1 1 1 1 1 1 1 a 1 0 1 a 1 1 1 0 0 0 1 1 1 1 1 1 1 1 1 1 1 0 1 1 1 1 1 1 1 1 1 1 1 1 1 1 1 1 1 1 1 1 1 1 1 a 1 1 1 
1 0 1 1 1 1 0 1 1 1 1 0 1 1 1 1 1 0 0 1 0 0 1 1 2 1 2 2 1 2 2 1 2 2 2 2 2 0 1 0 2 2 1 2 0 2 2 1 2 0 0 1 1 1 2 2 2 2 2 1 1 2 2 2 1 a 0 1 1 1 1 1 1 1 0 1 1 1 0 1 1 0 1 0 1 1 1 1 1 1 0 1 1 0 1 0 1 1 1 0 1 1 1 0 1 1 1 1 1 0 a 1 1 1 a 1 1 1 1 1 1 1 1 1 0 1 1 1 1 1 1 0 1 1 1 1 1 1 1 0 1 1 1 0 1 1 0 1 1 1 1 1 1 1 1 1 a 1 0 1 
1 1 1 0 1 0 1 1 1 1 1 1 0 1 0 1 1 1 1 1 1 1 1 1 2 1 1 2 2 2 2 2 2 1 2 2 2 1 0 0 2 1 1 0 0 2 2 0 1 1 0 1 1 0 1 1 1 1 1 2 1 0 0 1 1 b 1 1 1 1 1 0 1 1 1 1 1 1 0 1 1 1 1 0 1 0 0 1 1 1 1 1 0 1 1 1 1 1 1 0 1 1 0 0 1 0 1 1 1 1 a 1 1 1 a 1 1 1 1 1 0 1 1 0 0 1 1 1 1 1 1 1 0 1 1 1 1 0 0 1 1 0 0 1 0 1 1 1 0 1 1 1 1 1 1 0 a 1 1 1 
0 1 0 1 1 1 1 1 1 1 0 1 1 1 1 0 1 1 1 1 1 0 1 1 0 1 0 1 0 0 1 1 1 1 1 1 1 2 1 2 2 1 1 1 2 2 1 2 1 0 1 1 0 1 1 2 1 1 1 1 2 2 1 0 1 a 1 0 1 1 1 1 1 1 1 1 0 0 1 0 1 1 1 1 0 0 1 1 1 1 0 1 0 1 1 1 1 1 1 1 0 1 1 1 1 1 1 1 1 1 a 1 1 1 a 1 1 1 1 1 0 0 1 1 1 1 1 1 1 1 1 1 1 0 0 1 1 1 1 1 1 1 0 1 1 1 1 1 0 1 0 1 0 1 1 1 a 1 0 1 
1 1 1 1 0 1 1 1 1 0 0 0 1 1 1 1 1 1 1 1 1 0 1 1 1 1 0 1 1 1 1 1 1 1 0 1 2 2 1 1 2 2 2 2 2 0 2 0 2 0 1 2 1 2 1 2 0 1 1 1 2 0 2 0 1 b 1 0 1 1 1 1 1 1 1 0 1 1 1 1 1 1 0 1 1 1 0 1 1 1 1 1 1 1 0 1 0 0 1 1 1 0 1 1 0 1 1 1 1 1 a 1 1 1 a 1 1 1 1 1 0 0 1 1 1 0 1 1 1 1 1 1 1 1 1 1 0 1 1 1 0 0 1 1 1 1 1 1 1 1 1 1 0 1 1 1 a 1 1 1 
1 1 1 1 0 1 0 1 1 1 0 1 1 1 1 0 1 1 1 1 0 1 0 1 1 1 1 1 1 1 0 1 0 1 1 1 0 2 0 2 2 2 0 2 0 1 1 0 2 0 1 2 1 2 0 0 0 1 2 2 1 1 2 0 1 a 2 1 1 0 1 1 1 1 1 0 1 1 0 1 1 0 1 1 0 1 1 1 0 0 1 0 1 1 1 0 1 1 1 1 1 1 0 1 0 1 1 1 1 0 a 0 1 1 a 1 1 0 1 1 1 0 1 1 0 1 1 1 1 1 0 1 1 0 1 1 0 1 1 1 0 1 1 1 1 0 1 1 1 0 0 1 1 1 0 1 a 1 1 1 
1 1 1 1 1 1 1 1 1 0 1 1 1 1 1 1 1 1 1 1 1 1 0 0 1 1 1 1 1 0 1 1 1 1 1 1 2 1 1 1 0 1 1 1 2 1 0 1 1 1 2 2 1 1 1 1 2 0 0 2 2 2 2 2 2 a 2 1 1 1 1 1 1 1 1 1 1 1 0 1 1 1 0 0 1 1 0 1 0 1 1 1 1 1 1 1 0 0 1 0 1 0 1 1 1 0 0 1 1 1 a 1 1 1 a 1 1 1 1 1 1 1 0 0 1 1 1 0 1 0 1 1 1 0 0 1 1 1 1 1 1 1 1 1 1 1 1 1 1 1 1 1 1 1 1 1 a 1 1 1 
0 1 1 1 1 1 1 1 1 0 1 1 1 1 1 1 1 1 1 1 1 1 1 1 1 0 1 0 1 1 1 1 1 1 0 1 0 0 1 2 2 1 0 1 1 2 1 2 0 0 1 1 2 0 2 1 2 1 0 2 2 2 2 1 0 a 2 1 1 1 0 1 1 1 1 1 1 1 1 1 1 1 1 1 1 0 1 1 1 1 1 1 1 1 1 1 1 1 1 1 1 0 1 1 1 0 1 1 1 1 a 0 1 1 a 1 1 1 1 1 0 0 0 1 1 1 1 1 1 1 1 0 1 1 1 1 1 0 1 1 1 1 1 1 1 1 1 1 1 1 1 1 0 1 1 0 a 1 1 1 
1 1 0 1 1 1 1 1 1 1 1 1 1 1 0 1 1 1 1 1 1 1 1 1 1 0 1 1 1 0 1 0 1 1 1 0 1 1 1 1 2 1 2 0 0 0 1 0 2 1 2 2 2 0 2 2 1 0 2 0 1 2 1 1 2 b 2 1 1 1 1 1 1 1 0 1 0 1 0 1 1 1 1 1 1 0 1 1 1 1 0 1 1 0 1 0 1 1 1 1 1 1 1 1 1 1 1 0 1 1 a 1 1 0 a 1 0 1 1 0 1 0 1 1 1 0 1 1 1 1 0 1 1 1 1 1 0 1 0 1 1 0 1 1 1 1 1 1 1 1 1 1 1 1 1 0 a 1 1 1 
1 1 1 1 1 1 1 0 0 1 1 1 1 1 1 0 0 1 1 0 1 1 1 0 1 1 1 1 1 1 1 1 1 1 0 1 1 2 2 0 2 2 1 0 2 0 1 2 1 1 1 2 2 0 1 1 2 2 1 1 0 0 1 2 2 b 2 1 1 1 0 1 1 0 0 1 1 1 0 1 1 1 0 1 1 1 1 1 1 1 1 0 1 1 1 1 1 1 1 0 1 1 0 0 1 1 0 1 1 1 a 1 1 1 a 1 1 0 0 1 1 1 1 0 1 1 1 1 1 1 1 1 0 1 1 1 1 1 1 1 0 1 1 1 0 1 0 1 1 1 1 1 1 1 1 1 a 0 1 1 
1 1 1 1 1 0 0 0 1 1 1 1 1 1 1 1 1 1 1 1 1 1 1 1 1 1 1 1 1 1 0 1 1 1 0 1 0 0 0 0 1 2 2 1 2 1 2 0 2 1 1 0 0 1 2 2 2 1 1 2 0 2 1 1 2 a 0 1 1 1 1 0 1 1 0 1 1 1 1 0 1 1 1 1 1 1 1 0 1 1 1 1 1 1 0 1 1 1 1 1 1 1 0 1 1 0 1 1 1 1 a 1 1 1 a 1 1 0 1 1 1 0 1 1 1 0 1 0 1 1 1 1 1 0 1 0 0 1 1 1 1 1 1 1 1 1 1 1 1 1 0 1 1 1 1 0 a 1 1 1 
0 1 0 1 1 1 1 0 1 1 1 1 1 1 1 1 1 1 1 0 1 0 1 1 1 1 1 0 1 1 1 1 1 0 0 0 1 2 2 1 2 2 1 1 1 1 1 0 0 1 2 2 1 0 1 0 0 1 0 2 0 2 2 2 1 b 2 1 1 0 1 1 1 1 1 0 1 1 1 1 1 0 1 1 1 0 1 1 1 1 1 1 1 0 1 0 1 1 1 1 1 1 1 1 1 1 1 1 1 1 a 1 1 1 a 1 1 0 1 0 0 0 1 1 1 1 1 1 0 1 1 0 1 1 0 1 1 1 1 1 1 1 0 1 0 1 1 1 1 1 1 1 1 1 1 1 a 1 1 1 
1 0 1 1 0 0 1 1 0 1 1 1 1 1 1 0 1 1 1 1 1 1 1 1 1 1 1 1 1 0 1 1 1 1 1 1 0 2 2 1 2 1 0 0 2 2 1 1 2 2 2 2 2 2 2 2 2 0 1 1 1 0 2 1 1 a 1 0 1 1 1 0 1 1 1 0 1 0 0 1 1 1 1 0 1 1 0 1 0 1 1 1 1 1 0 1 0 1 1 1 0 1 1 0 1 1 0 1 0 1 a 1 0 0 a 0 1 0 1 1 1 1 1 0 1 1 1 1 1 1 1 1 1 1 0 1 1 1 1 1 1 1 0 1 1 0 1 1 0 1 1 1 1 1 1 1 a 1 0 1 
1 1 1 1 0 1 1 1 1 0 0 1 0 1 1 1 1 1 1 1 0 1 1 1 1 1 1 1 1 0 1 1 1 0 0 1 1 1 1 0 0 0 2 2 1 0 1 2 0 1 2 1 1 2 2 2 2 2 1 2 2 1 0 1 0 b 0 1 1 1 1 0 1 1 0 1 1 0 1 0 1 1 1 0 1 1 0 1 1 1 1 1 0 1 1 1 1 0 0 0 1 0 1 0 1 0 1 1 1 1 a 1 1 0 a 1 1 1 1 0 1 0 1 1 1 1 1 1 1 0 1 1 1 0 1 1 1 1 1 1 1 1 1 1 1 1 0 1 0 1 1 1 0 1 1 1 a 0 1 1 
1 1 1 1 1 0 1 0 1 0 1 1 1 1 1 0 1 1 1 0 0 1 1 1 1 1 1 1 0 1 1 1 1 1 1 1 1 2 1 1 2 2 0 2 2 1 1 1 2 2 2 2 2 1 1 1 2 0 2 2 1 2 1 1 1 b 2 1 0 1 1 1 1 1 0 1 1 1 0 1 1 0 1 1 1 1 1 1 1 1 1 0 1 1 0 1 1 1 1 1 1 1 0 0 1 1 1 1 1 0 a 1 0 0 a 1 0 1 0 1 0 1 1 1 1 1 1 1 1 1 1 1 1 1 0 1 1 1 1 1 1 1 1 1 1 1 1 1 1 0 1 1 0 0 1 1 a 1 0 1 
1 1 1 1 1 1 1 1 1 1 1 1 0 1 1 1 1 1 0 1 1 0 1 1 1 0 1 1 1 1 1 0 1 1 1 1 2 2 2 2 2 0 1 1 1 0 2 1 2 0 0 1 0 2 1 2 1 1 2 0 1 1 1 1 2 b 1 1 1 0 1 0 1 1 1 1 1 1 1 1 0 1 1 1 1 1 0 1 1 0 1 1 1 1 1 1 1 1 1 0 0 1 1 1 1 1 1 1 1 1 a 1 1 1 a 1 1 0 1 1 1 1 1 0 1 1 0 0 1 1 0 1 0 1 1 1 1 1 1 0 1 1 1 0 1 1 1 1 0 1 1 1 1 1 1 0 a 1 1 1 
0 1 1 1 1 1 1 0 1 1 0 1 1 1 1 1 1 1 0 1 1 1 1 1 1 0 1 0 1 1 0 1 1 1 1 1 1 0 0 1 0 1 1 1 0 1 1 1 1 1 1 1 1 1 1 1 1 1 1 1 1 0 1 1 1 a 1 1 1 1 1 1 1 0 1 1 0 1 1 1 1 0 1 1 1 1 0 1 1 1 1 1 1 0 1 0 1 1 1 1 1 1 1 0 1 1 1 1 1 1 a 1 1 1 a 0 1 1 1 1 1 0 1 1 1 0 0 1 1 1 1 1 1 1 1 0 1 0 0 1 1 0 1 1 0 1 1 1 0 1 1 1 1 1 1 1 a 1 1 1 
1 1 1 1 1 1 0 0 1 0 1 1 1 0 1 1 1 1 0 0 1 1 0 1 0 1 1 1 1 1 1 1 0 0 0 1 1 1 1 1 1 0 1 1 1 0 0 0 1 1 1 1 1 1 1 1 1 1 1 1 1 1 1 0 1 a 1 1 1 0 1 1 1 0 1 1 1 1 1 1 1 0 0 1 0 1 1 1 0 1 0 1 1 1 1 0 1 0 1 1 1 0 0 1 1 1 1 1 0 1 a 1 1 1 a 0 1 1 0 0 1 0 1 0 1 1 1 1 0 0 1 1 1 0 1 1 1 1 0 1 0 1 0 0 0 1 1 1 1 1 1 1 1 1 1 1 a 1 0 1 
1 0 1 0 1 1 1 1 1 1 1 1 1 1 0 1 1 1 0 1 1 1 0 0 1 1 1 1 1 1 1 1 1 1 1 0 1 1 1 1 1 1 1 1 1 1 1 0 1 0 1 1 1 1 1 0 1 0 1 0 0 1 1 1 1 a 0 1 0 1 1 1 1 1 1 1 1 1 1 1 0 0 1 1 1 1 1 1 0 1 1 1 1 0 0 1 0 1 1 0 1 1 1 0 0 1 0 1 1 0 a 1 1 1 a 1 1 1 1 1 1 1 0 1 1 1 0 1 1 1 1 1 1 1 1 1 1 1 0 1 1 1 1 1 1 1 0 1 0 1 1 0 1 1 1 1 a 1 0 0 
1 1 1 1 1 1 1 0 0 1 1 1 1 1 1 1 1 1 1 1 1 1 1 1 1 1 1 1 1 1 1 1 1 1 0 1 1 0 1 1 1 1 0 1 1 1 0 1 1 1 1 1 1 1 1 1 0 1 1 1 1 1 1 1 1 a 1 0 0 0 1 1 1 1 0 1 1 1 1 0 0 1 1 1 1 1 0 1 1 1 1 1 1 0 1 0 1 1 1 1 1 0 1 1 1 1 1 1 0 1 a 1 1 1 a 1 1 1 1 0 1 1 1 1 1 1 1 1 1 1 1 1 1 1 1 0 1 1 1 1 0 1 1 1 1 1 1 1 0 1 0 1 1 0 1 1 a 1 1 1 
1 1 1 1 1 1 1 1 1 1 1 1 1 0 1 1 1 0 1 0 0 1 1 1 1 1 0 1 0 1 0 1 1 1 1 1 1 1 1 1 1 1 1 0 1 1 1 1 1 0 1 1 0 1 1 1 1 1 1 1 1 1 1 0 1 a 1 1 1 1 1 1 1 1 1 1 1 1 1 1 1 1 1 1 1 1 1 0 1 1 1 1 0 1 1 1 1 1 0 1 1 0 1 1 1 1 1 1 1 0 a 1 1 1 a 0 1 1 1 1 1 1 1 1 1 1 1 1 0 1 1 0 1 0 1 1 1 1 1 1 0 1 1 1 0 0 1 1 1 0 1 1 1 1 0 1 a 1 1 1 
0 1 1 0 1 0 1 1 0 1 1 1 1 1 1 1 0 1 1 1 1 0 1 0 0 1 1 0 1 1 0 1 1 1 1 1 0 0 1 1 1 1 1 1 1 1 1 1 0 1 1 0 1 1 0 1 1 1 1 1 1 1 1 0 1 a 1 0 1 1 1 1 1 1 1 1 1 1 1 0 1 1 1 1 1 1 0 1 0 1 1 1 1 0 0 1 1 1 0 1 1 1 1 0 0 1 1 1 0 0 a 1 1 1 a 1 0 0 1 0 1 1 1 1 1 1 0 1 1 1 1 1 1 1 1 1 1 1 1 1 1 1 1 0 1 0 1 0 0 1 1 1 1 0 1 0 a 1 0 1 
0 1 0 1 1 0 1 1 1 1 1 1 1 1 1 1 1 1 1 1 1 1 1 1 1 0 1 1 1 1 0 1 1 1 1 1 1 1 1 1 1 1 1 1 1 1 1 1 0 1 1 1 1 1 1 1 0 1 1 1 0 1 1 0 1 a 1 1 1 1 0 0 1 0 1 1 0 1 0 0 1 0 1 1 1 1 1 1 1 1 1 1 0 1 1 1 0 1 1 1 0 1 0 1 1 0 1 1 0 1 a 1 1 1 a 1 0 1 1 1 0 1 0 1 1 1 1 1 0 1 0 0 0 1 1 1 1 1 0 1 1 1 0 0 0 1 0 1 1 1 1 1 1 1 0 1 a 0 0 1 
1 0 1 0 1 1 1 1 1 1 1 1 1 0 1 1 1 1 1 1 1 1 1 1 1 1 1 1 1 1 1 1 1 1 1 1 1 1 1 1 1 1 1 1 1 1 1 1 1 0 1 0 1 1 1 0 1 1 0 1 1 1 1 1 0 a 1 1 0 1 1 1 1 1 1 1 0 1 1 1 1 1 1 1 1 1 1 1 1 1 1 0 0 1 1 1 0 1 1 1 1 1 1 1 0 1 1 1 1 1 a 1 0 0 a 1 1 0 1 1 1 1 1 1 1 0 1 1 1 0 0 1 1 1 1 1 1 1 1 1 1 1 0 1 0 1 1 1 1 1 0 1 1 1 1 1 a 0 1 0 
0 1 1 1 1 1 0 1 1 0 1 1 1 1 1 1 1 1 1 1 1 1 1 1 1 1 1 1 1 0 1 1 1 1 1 1 0 1 0 1 0 1 0 1 1 0 1 1 0 1 1 1 1 1 0 1 1 1 1 1 1 0 1 1 1 a 0 1 1 1 0 0 1 1 1 1 1 1 1 1 0 1 1 1 0 1 1 0 1 1 1 1 1 0 1 1 0 1 1 1 0 1 1 1 1 1 1 1 0 1 a 1 1 1 a 1 1 0 1 1 1 1 0 1 0 1 1 1 1 0 1 1 1 0 1 1 0 0 1 1 0 1 1 1 1 1 1 1 1 1 1 0 1 1 1 1 a 1 1 1 
1 0 1 1 1 1 1 1 0 1 1 1 1 1 1 1 1 1 1 1 1 1 1 1 1 1 0 1 1 1 1 0 1 0 0 0 1 1 1 1 1 0 1 1 1 0 1 1 1 1 1 0 1 1 1 0 1 1 0 1 1 0 1 1 1 a 1 1 1 1 0 1 1 1 0 1 1 1 0 1 1 1 1 1 1 0 1 1 1 1 1 1 0 1 1 1 0 1 1 1 1 0 1 1 1 1 1 1 0 1 a 1 1 1 a 1 1 0 1 1 1 1 1 1 1 1 1 1 1 1 0 1 1 1 1 0 1 0 1 1 1 1 0 1 1 0 1 1 1 1 1 0 1 1 0 1 a 1 1 0 
1 0 1 1 0 1 1 1 0 1 1 0 1 1 0 1 1 1 0 1 1 1 1 1 1 1 1 1 1 1 1 1 0 0 1 1 1 0 1 1 0 1 1 1 1 1 1 1 1 0 1 1 0 1 1 1 1 1 1 1 0 1 0 0 1 a 1 1 1 1 1 1 1 1 1 1 1 1 1 0 1 1 1 0 1 1 1 1 1 1 0 1 1 1 1 1 1 1 1 0 1 1 1 1 1 0 1 1 0 0 a 1 1 1 a 1 1 1 1 1 1 1 1 0 1 1 1 1 1 0 1 1 0 0 0 0 1 0 0 1 1 1 1 1 1 1 1 1 0 1 1 1 1 1 0 0 a 0 1 0 
