111 149
6 152
38 114
21 71
100 72
115 56
65 3
42 9
85 101
53 36
1 1 1 1 0 1 1 1 1 0 1 1 1 1 1 1 1 1 1 1 1 1 1 1 1 1 1 1 1 1 0 0 1 1 0 0 a 0 1 1 1 1 1 1 1 1 1 0 1 1 0 1 1 1 0 1 0 1 0 1 1 1 1 0 1 0 0 1 1 0 1 1 1 1 1 1 1 0 1 1 1 1 a 1 1 1 0 1 0 0 0 1 1 1 1 1 1 0 1 a 1 1 1 0 1 0 1 1 1 1 0 0 1 1 1 1 1 1 1 0 0 1 1 1 1 0 0 0 1 0 1 1 1 0 0 1 1 1 1 1 1 1 1 1 1 a 0 1 0 1 1 1 1 1 1 1 1 1 1 1 
1 1 1 1 1 0 0 1 0 1 0 0 1 1 1 1 1 0 0 0 1 0 0 0 1 1 1 1 1 0 1 1 1 1 1 1 a 1 1 1 1 1 0 0 1 1 1 1 1 1 1 1 1 1 1 0 1 1 1 0 0 1 0 0 1 1 1 1 1 0 1 1 0 0 1 1 1 0 1 1 1 1 a 1 0 1 1 1 1 1 1 1 1 0 1 1 1 0 1 a 1 1 0 1 0 0 0 0 1 1 1 1 1 1 0 1 1 1 1 1 1 1 1 1 0 0 1 1 0 1 0 1 1 1 1 1 1 1 1 0 1 1 1 1 0 a 0 1 1 1 1 1 1 0 1 1 0 0 1 1 
0 0 1 1 1 1 0 1 1 1 1 1 1 1 1 1 1 1 1 1 0 1 1 1 1 1 0 1 0 1 1 1 1 1 1 0 a 1 1 1 1 1 1 0 1 1 1 0 1 0 1 0 0 1 1 1 1 0 1 1 1 1 1 1 1 0 1 1 1 1 1 1 0 1 1 1 0 1 0 0 1 1 a 0 1 1 0 1 0 1 1 1 0 0 1 1 1 1 1 a 1 1 0 1 1 1 1 1 1 1 1 1 1 0 1 1 1 1 0 1 1 1 1 1 1 1 1 1 1 1 1 1 1 1 1 1 0 1 1 1 1 1 1 1 1 a 1 0 0 1 1 1 1 0 1 1 1 0 1 1 
1 1 1 1 1 1 1 1 0 1 1 1 0 1 0 1 1 1 1 1 1 1 1 1 1 1 1 1 1 1 1 1 1 0 1 1 a 0 0 1 1 1 0 1 1 1 1 1 0 1 1 1 1 0 1 1 1 1 1 0 1 1 1 1 1 1 1 1 1 1 1 0 0 0 1 1 1 1 1 1 1 1 a 1 1 0 1 1 1 1 1 1 0 1 0 0 1 1 1 a 1 1 1 0 1 1 1 1 0 0 0 1 1 1 1 1 1 1 1 1 1 1 1 1 0 1 1 1 1 1 1 1 1 1 1 1 1 1 1 0 0 1 0 1 1 a 1 1 1 0 1 0 1 1 1 1 1 0 1 1 
1 1 1 1 1 1 0 1 1 0 1 1 1 1 0 1 1 1 0 1 1 1 0 1 1 1 1 1 1 1 1 1 1 1 1 1 a 0 1 1 1 1 1 0 1 1 1 1 1 0 1 0 1 1 1 1 1 1 1 1 1 0 1 1 1 1 1 1 1 1 1 1 1 0 1 0 1 1 1 1 1 1 a 1 1 1 1 0 0 1 1 0 1 1 1 1 1 1 0 a 1 1 1 1 1 1 1 1 0 1 1 1 0 1 1 1 1 1 1 0 1 0 1 1 1 1 1 1 1 1 1 1 1 1 1 0 1 1 1 1 1 1 1 0 0 a 1 0 1 1 0 0 1 1 1 1 1 0 1 1 
1 1 1 1 1 1 1 1 1 1 1 1 1 1 1 1 1 1 1 1 1 1 1 1 1 1 0 0 1 1 0 1 1 1 1 1 a 1 1 1 0 1 0 1 1 1 1 1 1 0 1 1 1 1 0 1 1 1 0 1 0 1 1 1 1 0 1 0 0 1 0 1 1 1 1 1 1 0 1 1 1 1 a 1 1 1 1 1 1 0 1 0 0 1 0 1 0 1 1 a 1 1 0 1 1 1 1 1 1 1 1 1 1 1 1 1 0 1 1 1 1 1 1 1 0 1 0 1 1 1 1 1 1 0 1 1 0 0 1 0 1 1 1 1 0 a 1 1 1 1 0 1 1 0 1 0 1 1 1 1 
1 1 1 0 1 1 1 1 1 0 1 1 1 1 1 0 1 1 1 1 1 1 0 1 1 1 1 1 1 1 1 1 1 1 1 1 a 1 1 1 0 1 0 1 1 1 0 1 1 1 0 1 0 0 1 0 0 1 0 2 0 0 1 0 0 1 1 1 0 1 1 1 2 2 1 1 2 0 1 1 2 0 b 1 0 2 1 1 1 1 1 0 1 1 1 1 1 1 1 a 0 0 1 1 0 0 1 1 1 1 0 1 1 1 1 1 0 1 1 1 1 1 1 1 1 1 1 0 1 1 1 1 1 1 1 1 1 1 1 0 1 1 0 1 1 a 0 1 1 1 0 1 1 1 1 1 1 1 1 1 
1 1 0 1 1 1 1 0 1 1 0 1 1 1 1 0 1 1 0 1 1 1 1 1 1 1 1 1 1 1 1 0 1 0 1 1 a 1 1 0 0 1 1 1 0 0 0 1 0 1 1 1 1 1 1 0 1 1 0 2 1 1 1 2 1 1 2 1 1 1 1 2 0 0 1 2 2 0 2 1 0 0 a 1 1 2 0 1 1 1 0 1 1 1 1 1 0 1 0 a 1 1 1 1 0 1 0 0 1 1 1 1 0 1 1 1 1 1 1 1 0 1 1 1 1 0 0 1 1 1 1 1 0 1 1 1 1 1 1 1 0 1 1 1 0 a 1 0 1 1 1 1 1 1 1 0 1 0 1 0 
1 1 0 1 1 1 1 1 1 0 1 1 1 1 1 1 1 1 1 1 1 1 1 1 0 1 0 0 1 1 1 1 1 0 1 1 a 0 1 1 1 1 1 1 0 1 0 1 1 1 0 1 1 1 0 1 2 2 1 1 0 1 0 2 1 2 0 1 2 1 1 0 2 0 1 2 1 2 2 1 2 1 a 1 2 1 1 1 1 1 0 0 1 1 0 1 0 1 1 a 0 1 1 1 1 1 1 1 1 1 1 1 1 0 1 1 1 1 1 1 1 1 1 1 1 1 0 1 0 1 1 1 1 1 1 1 0 0 1 1 1 1 0 0 1 a 1 1 1 1 0 1 1 0 1 0 1 1 1 1 
1 0 0 1 1 1 1 1 1 0 1 1 1 1 1 1 1 0 1 1 0 1 1 1 1 1 0 1 1 1 0 1 0 1 1 1 a 1 1 0 1 0 0 1 1 1 1 1 1 1 1 1 1 1 0 0 2 1 1 2 1 1 2 2 1 2 1 2 1 0 2 2 0 1 0 2 0 2 2 2 0 0 a 1 2 2 1 1 1 1 0 1 1 0 1 1 1 1 0 a 1 1 1 1 0 1 1 1 1 0 1 1 1 0 1 1 1 1 1 0 1 1 0 1 1 1 1 1 1 1 1 1 0 1 1 0 0 1 1 1 1 1 1 0 0 a 1 1 1 1 1 1 1 1 1 0 1 1 1 1 
0 1 1 1 1 1 1 0 1 1 0 1 0 1 1 1 1 1 1 1 1 1 1 1 1 0 1 1 1 1 0 1 1 1 0 1 a 0 1 1 1 1 0 0 1 0 1 1 0 1 1 1 1 1 1 1 0 1 1 2 1 2 1 0 2 0 1 1 2 2 0 0 0 2 2 1 0 2 0 0 1 2 a 1 2 2 2 1 1 1 1 1 1 1 1 0 0 1 1 a 1 1 0 1 1 1 1 1 1 1 1 1 1 1 1 1 1 0 1 1 0 1 1 0 1 1 0 1 1 1 1 0 1 1 1 0 1 1 0 1 0 1 1 1 1 a 1 1 1 1 0 1 1 1 1 1 1 1 1 1 
0 0 0 0 1 0 1 0 1 0 0 1 0 1 0 1 1 0 1 1 1 0 1 0 1 1 1 1 1 1 0 1 1 1 1 0 a 0 1 1 1 1 1 1 0 1 1 1 0 1 0 1 1 1 1 1 2 1 1 1 2 1 0 2 2 2 0 2 2 2 0 1 1 2 2 2 1 1 0 1 0 1 b 2 2 1 2 1 1 1 1 1 1 1 0 1 1 1 1 a 0 0 0 0 1 1 1 1 1 1 1 0 0 1 1 1 1 1 0 1 1 1 1 1 1 1 1 1 1 0 0 1 1 1 0 1 1 1 0 1 1 1 1 0 1 a 1 0 1 1 1 1 1 0 1 1 1 1 0 1 
1 1 1 1 1 1 1 1 1 1 1 1 0 1 1 1 1 0 1 1 1 1 1 0 1 1 1 1 1 1 0 0 1 1 1 1 a 1 1 1 1 1 1 1 1 1 1 1 1 1 1 1 0 1 1 1 2 0 2 1 2 2 2 1 1 1 2 2 1 2 2 1 2 2 2 1 1 0 1 0 2 2 a 2 2 2 2 1 1 1 1 1 1 0 1 0 0 1 1 a 0 1 0 1 1 0 0 0 0 1 0 0 0 1 0 1 1 1 1 1 1 0 1 1 1 1 1 1 1 1 0 1 1 1 1 0 1 0 1 1 1 0 1 1 1 a 0 1 1 1 1 1 1 1 1 1 1 0 0 0 
0 1 1 1 1 1 1 1 1 1 1 0 1 0 1 1 1 0 1 1 1 0 1 1 1 1 0 0 1 0 1 1 1 1 0 1 a 1 1 1 1 1 0 1 1 0 1 1 1 1 1 1 0 1 1 0 1 2 0 1 1 0 0 1 2 2 1 0 2 2 2 2 0 1 1 1 0 2 0 2 1 2 a 1 1 1 0 1 1 1 1 0 1 1 1 1 1 1 1 a 1 0 1 1 1 1 1 1 1 1 1 1 0 1 1 1 1 0 1 1 1 1 1 1 1 1 1 1 0 1 1 1 1 1 1 1 1 1 0 1 1 0 0 1 1 a 1 1 1 1 1 1 1 1 1 1 1 1 1 1 
0 1 1 1 0 1 1 1 0 0 1 1 1 0 1 1 1 0 1 1 1 1 1 1 1 1 1 1 1 1 1 1 1 1 1 1 a 1 1 1 0 1 1 1 0 1 1 1 1 1 1 1 1 1 1 1 1 1 0 2 1 1 0 2 2 2 0 1 2 2 2 2 1 1 1 2 2 2 0 2 1 0 b 0 2 1 1 1 1 1 0 1 1 1 1 1 1 0 1 a 1 1 1 1 1 0 1 1 1 0 1 1 1 1 1 1 1 1 1 0 1 1 1 1 1 0 1 1 1 1 1 1 1 1 1 1 0 1 1 1 1 0 1 0 1 a 1 1 1 1 1 1 1 1 0 1 1 0 1 1 
0 1 1 1 1 1 0 1 1 1 1 1 1 1 1 1 1 1 1 1 1 1 1 0 1 1 1 1 1 1 1 1 1 1 1 1 a 1 1 1 1 1 1 1 1 1 1 1 1 0 1 1 1 1 1 1 1 0 2 1 2 2 1 0 0 2 0 1 1 0 1 1 1 1 1 2 2 0 1 2 2 1 b 1 2 2 0 0 1 0 1 1 1 1 1 1 0 0 1 a 0 1 1 0 1 1 1 1 0 0 1 1 0 1 1 1 1 1 0 1 1 1 0 1 1 0 1 1 1 0 0 1 1 1 1 1 1 1 1 0 1 1 1 1 1 a 1 0 1 1 1 1 1 0 1 1 1 1 0 0 
1 1 1 1 1 1 1 1 1 1 1 0 1 1 0 1 1 0 1 1 0 1 1 1 0 1 1 1 1 1 1 1 1 1 1 1 a 1 1 1 1 1 0 1 0 0 1 1 0 1 1 1 1 1 1 1 2 2 0 2 1 1 2 1 0 1 1 2 1 1 0 2 1 2 1 0 1 1 1 2 2 1 b 2 2 1 1 1 1 1 1 1 1 0 1 1 1 0 1 a 0 1 1 1 1 1 0 1 1 1 1 0 1 1 0 1 1 1 1 1 0 1 1 1 1 1 1 1 0 1 1 0 1 1 0 1 1 1 1 1 1 1 1 1 1 a 1 1 0 0 1 1 1 1 1 1 1 1 1 1 
1 0 1 1 1 1 1 1 0 1 1 1 1 1 1 0 1 1 1 1 1 1 0 1 1 1 0 1 1 1 1 1 1 1 1 1 a 1 1 1 1 1 1 1 1 1 1 0 0 1 1 1 1 1 1 1 2 2 1 2 1 0 1 2 2 2 2 0 2 1 1 0 2 2 0 1 2 1 1 0 1 1 b 1 2 0 1 1 1 1 1 1 0 0 1 1 1 1 0 a 1 1 0 1 1 1 1 1 1 1 1 1 1 1 1 1 0 1 1 1 1 0 1 1 1 1 1 1 1 1 1 1 0 1 1 1 1 1 1 0 1 1 0 1 1 a 1 1 1 0 1 1 1 0 1 1 1 1 1 1 
1 1 1 1 1 0 1 1 1 0 0 1 0 1 1 0 1 1 0 1 1 1 1 1 1 1 1 1 0 0 1 1 0 1 1 1 a 1 1 0 1 0 1 1 1 1 0 1 1 1 1 0 1 0 1 1 0 0 2 2 0 2 1 0 1 1 2 0 0 2 1 1 1 2 1 2 1 2 1 0 1 2 b 2 2 1 1 1 1 0 1 1 1 1 1 1 1 1 1 a 1 1 1 1 1 0 1 1 0 0 1 1 1 1 1 1 1 0 1 1 1 1 1 0 0 1 1 0 1 1 1 1 0 1 1 1 1 0 1 1 1 1 0 0 1 a 1 1 1 1 0 0 1 1 0 1 1 1 1 1 
1 1 1 0 1 1 0 1 1 1 1 1 1 1 1 1 0 1 1 0 1 0 1 1 1 1 1 1 1 0 1 1 1 1 1 0 a 1 1 0 1 1 1 0 1 0 1 1 1 1 0 1 0 1 1 1 0 1 1 2 0 0 0 2 2 0 1 2 1 1 1 1 2 2 1 1 1 1 0 1 0 1 b 2 1 1 0 1 0 1 1 1 1 1 0 1 1 1 1 a 1 1 0 1 1 1 0 1 1 1 1 1 1 0 0 1 1 0 1 1 1 1 1 1 0 0 1 0 1 1 1 1 1 1 1 0 1 1 1 0 1 1 1 1 1 a 1 0 1 1 1 1 1 1 1 1 0 0 1 1 
0 1 1 1 1 1 1 1 0 0 1 1 1 1 1 1 1 0 1 1 1 0 1 1 1 0 1 1 1 1 0 0 1 1 1 1 a 1 1 1 0 1 1 0 1 1 1 0 1 0 1 1 1 1 1 0 1 1 1 0 2 0 1 2 0 1 2 2 0 2 0 1 2 2 1 1 1 0 1 1 1 2 b 2 2 0 1 0 1 1 0 1 0 1 0 1 0 1 1 a 1 0 0 1 1 1 1 1 1 1 1 1 1 1 1 1 1 1 1 1 1 1 1 1 1 1 1 1 1 1 1 0 1 1 1 0 1 0 1 0 1 1 1 0 1 a 1 1 1 1 0 1 1 1 1 0 1 1 1 0 
1 0 1 1 0 1 1 1 0 1 0 1 1 0 0 0 1 1 1 1 1 1 1 0 1 0 1 1 1 0 1 1 1 1 1 1 a 1 1 1 1 1 1 0 0 0 1 1 0 0 1 1 0 1 1 1 0 2 2 2 1 2 2 2 1 1 1 2 1 1 1 2 2 1 0 2 1 2 1 2 0 2 b 2 2 0 2 0 1 1 1 0 1 1 1 0 1 1 0 a 1 1 1 1 1 0 0 1 1 1 1 1 1 1 1 1 1 1 1 1 1 1 1 1 1 1 1 0 1 1 1 1 1 0 1 1 1 1 1 1 1 0 1 1 1 a 1 0 0 0 0 0 1 0 0 1 1 1 1 1 
1 1 1 1 1 0 1 1 1 0 1 1 1 1 1 1 1 1 1 1 1 0 0 1 1 1 1 1 1 1 1 0 0 1 1 0 a 1 1 1 0 1 1 1 0 0 1 1 1 0 1 1 0 1 0 1 0 0 1 1 2 2 1 0 1 2 1 1 1 1 1 1 1 1 1 2 1 2 1 2 2 0 a 0 1 2 1 1 1 1 1 0 1 1 1 0 1 1 1 a 1 1 1 1 1 1 1 1 0 1 1 1 1 1 1 1 1 1 1 1 0 1 1 1 1 1 0 1 1 1 1 1 1 1 1 1 1 1 1 1 1 1 0 1 1 a 0 1 1 0 0 1 1 1 1 1 1 1 1 1 
1 1 1 0 1 1 1 0 1 1 1 1 1 1 1 1 1 1 0 0 1 1 1 0 1 1 1 0 1 0 1 0 1 1 1 1 a 0 0 1 1 1 1 1 1 1 0 1 1 1 1 0 0 1 1 1 0 2 0 1 2 2 1 1 0 0 1 2 2 2 2 2 1 2 1 0 2 1 2 2 0 2 b 0 2 1 1 1 0 0 1 1 1 0 1 1 0 1 1 a 0 2 1 2 1 1 2 1 2 1 2 2 0 1 2 2 0 0 0 2 2 2 2 2 2 1 2 1 0 1 1 1 1 1 0 1 1 1 1 1 1 0 1 1 1 a 1 1 1 1 1 0 1 1 0 1 1 0 1 0 
1 1 0 1 1 1 0 1 0 1 1 1 1 0 1 0 1 1 1 1 0 1 1 1 1 1 1 1 1 1 1 0 1 1 1 0 a 1 1 0 1 0 1 1 1 0 1 0 0 1 1 1 1 0 1 1 0 1 0 1 1 1 1 1 1 1 1 1 0 1 1 1 1 2 1 1 2 2 0 0 2 2 a 0 0 1 1 1 0 1 1 1 1 0 1 1 1 0 0 b 1 1 2 2 0 1 2 2 1 1 1 1 1 2 2 2 1 2 1 1 1 0 1 2 1 0 2 2 2 0 1 1 0 1 1 1 1 0 1 1 0 0 1 0 1 a 1 1 0 1 0 1 1 1 1 1 1 1 1 1 
1 1 1 1 1 1 1 1 1 0 0 1 0 1 0 1 1 0 0 1 0 1 1 1 1 1 1 1 0 1 1 0 1 1 1 1 a 1 1 1 1 1 1 0 1 0 0 1 0 1 1 1 0 0 1 1 0 0 1 2 2 1 0 1 2 2 1 0 2 1 2 1 2 1 0 2 1 0 2 2 2 0 b 1 1 1 1 1 1 1 0 1 1 0 1 1 1 0 1 b 0 1 2 0 1 2 0 1 2 1 1 0 2 0 2 1 1 0 0 1 1 2 1 1 2 2 2 1 1 2 1 0 1 1 1 1 1 1 1 1 1 1 1 1 1 a 1 1 1 1 0 1 1 1 1 1 1 1 1 0 
0 1 1 1 0 1 1 0 1 1 1 1 1 1 1 0 0 1 1 1 1 1 1 1 1 1 0 1 1 1 0 1 1 1 1 1 a 1 0 1 1 1 1 1 1 0 1 1 1 1 1 1 1 0 0 1 0 2 0 1 1 0 2 2 1 1 1 1 2 2 1 1 0 2 2 0 2 2 1 1 2 0 a 2 2 0 2 0 1 1 1 1 0 1 1 1 0 1 1 a 2 1 0 2 2 2 1 2 1 2 0 1 1 2 2 1 1 1 2 2 1 2 1 1 1 1 1 2 1 0 1 1 1 1 1 0 0 1 0 0 1 1 1 1 0 a 1 1 0 0 1 1 1 0 0 1 0 0 1 1 
1 2 2 1 1 1 0 1 1 2 1 2 0 0 0 1 1 2 1 1 1 0 1 0 0 1 1 1 1 0 1 1 1 1 1 1 a 0 1 1 0 1 1 1 1 0 1 0 1 1 1 1 1 1 1 1 2 1 1 0 2 0 0 1 2 2 1 2 0 1 2 0 2 1 0 2 2 1 2 2 2 1 b 2 0 1 1 0 1 1 1 1 1 1 1 1 0 1 1 b 1 1 0 1 2 2 2 1 0 1 2 2 1 2 1 2 2 0 2 0 2 2 2 1 0 2 0 2 0 1 0 1 1 1 1 1 1 0 1 0 1 1 0 1 1 a 0 1 1 1 1 1 1 1 1 1 0 1 0 0 
2 1 1 2 2 2 2 2 1 1 2 1 0 2 2 1 1 1 2 0 2 0 1 2 2 1 0 1 0 1 0 1 1 1 1 1 a 1 1 1 1 1 1 1 1 1 1 0 1 1 1 1 0 1 1 1 1 1 2 2 2 2 1 2 1 1 2 2 2 1 0 0 1 0 2 0 1 0 1 2 1 1 b 2 1 2 1 1 1 1 0 1 1 1 1 1 1 0 1 a 1 1 0 2 1 0 2 0 0 0 1 1 2 2 2 0 0 2 0 1 0 1 0 2 2 1 2 2 1 2 0 1 0 1 0 1 1 1 1 1 0 1 1 0 1 a 1 1 1 1 1 1 1 1 1 1 1 1 1 1 
1 2 1 2 1 2 1 2 0 1 2 2 1 0 1 2 0 2 2 0 1 2 1 2 1 1 1 1 1 1 1 1 1 1 1 1 a 0 1 1 1 1 1 1 1 1 1 0 1 1 1 1 1 1 1 1 2 2 1 2 0 1 2 0 1 1 1 2 0 1 2 0 2 1 1 1 1 0 2 2 1 2 b 1 1 1 1 1 0 1 1 1 1 1 1 0 1 1 1 a 0 2 1 2 2 2 1 0 0 2 2 2 1 2 2 1 2 2 2 0 2 2 2 2 2 1 0 2 1 1 1 1 1 0 1 1 0 1 1 0 1 0 1 1 1 a 1 1 1 1 0 0 1 1 1 1 1 1 0 0 
0 2 2 1 1 0 0 1 2 1 2 1 2 2 2 1 0 1 2 2 0 1 1 2 2 0 1 0 1 1 1 1 1 0 1 1 a 0 1 1 1 0 1 1 1 1 1 1 1 1 1 1 1 1 1 0 0 1 1 0 1 0 2 2 0 0 2 0 2 2 2 0 2 1 1 2 2 1 1 2 1 1 a 2 1 1 1 1 1 0 1 0 1 1 1 1 0 1 1 a 0 1 1 1 2 1 2 0 2 1 2 1 2 1 1 0 2 1 2 2 2 2 0 1 2 0 1 2 1 1 1 1 0 1 0 1 1 1 1 1 1 0 1 0 1 a 1 0 0 1 1 1 1 0 1 1 1 1 1 1 
0 1 1 1 2 1 2 2 0 1 1 1 2 2 1 0 1 2 1 2 0 1 0 1 2 0 1 1 1 0 1 1 1 0 1 0 a 1 1 0 0 1 0 1 1 1 1 0 1 0 1 1 1 0 1 1 2 2 0 2 1 1 2 2 2 1 0 2 2 0 2 1 2 1 1 2 0 2 1 0 2 0 a 0 1 1 0 1 0 1 1 1 0 1 0 1 1 1 1 b 2 1 0 2 1 1 2 1 1 2 0 2 1 0 0 1 2 0 2 2 1 1 2 1 1 2 2 2 1 0 1 1 0 1 1 0 1 0 1 1 1 1 1 0 0 a 1 1 0 0 1 1 1 1 1 1 1 1 1 1 
0 1 2 2 1 2 0 1 2 1 2 2 1 1 2 2 2 1 2 1 2 2 1 2 2 1 1 1 0 1 1 0 1 0 1 1 a 1 1 1 1 1 1 1 1 1 1 1 1 1 1 1 1 1 1 1 2 0 1 1 0 2 0 1 1 2 2 1 0 1 2 1 2 1 1 2 1 0 0 2 1 2 b 2 0 1 1 1 1 1 0 1 1 0 1 0 1 1 0 b 0 0 1 2 1 1 1 0 2 0 0 0 2 0 2 0 2 1 2 2 0 2 1 2 2 1 2 1 0 0 1 1 1 1 1 1 1 1 1 1 1 0 1 1 1 a 1 1 1 1 1 0 0 1 1 0 1 1 1 1 
1 1 2 2 2 1 2 2 1 1 1 1 1 0 2 2 2 1 2 1 1 0 2 2 2 1 1 0 0 1 1 1 1 0 1 1 a 1 1 1 1 0 1 1 1 0 1 1 1 0 1 1 1 1 1 1 2 0 1 2 1 1 1 1 1 1 1 1 0 1 1 1 2 2 0 2 2 1 1 1 0 2 b 2 2 2 2 1 0 1 1 1 1 1 1 1 1 1 0 a 0 1 2 2 2 1 1 1 0 0 0 1 0 2 1 2 1 1 2 1 2 0 1 0 2 2 1 2 2 2 1 1 1 1 1 1 0 1 1 1 1 1 0 1 1 a 1 0 1 1 1 1 1 1 1 1 1 1 0 1 
0 2 1 1 0 2 0 2 2 2 1 1 2 2 1 2 2 2 1 2 1 2 2 1 1 1 1 1 1 1 1 0 0 1 1 1 a 1 1 1 1 1 1 1 1 0 1 1 1 1 1 1 1 1 0 0 2 1 2 2 1 2 1 1 2 1 0 2 1 0 2 2 2 1 2 2 2 0 1 1 2 2 b 1 1 2 1 0 1 1 0 1 0 1 0 0 1 1 1 a 1 0 2 1 2 2 1 2 0 1 1 0 1 2 1 0 1 1 1 1 2 1 2 2 1 1 1 2 2 2 1 1 1 1 1 1 0 1 1 1 0 1 1 1 0 a 0 1 1 1 1 0 0 1 0 1 1 1 1 1 
1 2 2 0 2 2 2 2 2 2 1 2 1 2 1 1 1 0 2 2 0 1 0 2 2 0 1 0 1 1 1 1 1 1 0 0 a 1 1 1 1 1 1 0 1 1 1 0 1 1 0 0 1 0 1 1 2 1 1 1 1 1 2 0 2 2 2 0 0 1 1 2 2 1 1 2 2 2 0 2 1 2 a 0 0 1 1 1 1 1 1 0 0 0 1 1 0 1 1 b 2 2 2 1 0 2 2 2 1 1 0 2 1 1 1 1 2 1 2 1 0 1 1 2 2 1 0 2 2 2 0 1 1 1 0 1 1 0 0 1 1 1 0 1 1 a 1 0 1 1 1 1 1 1 1 1 1 1 1 1 
0 2 1 2 1 1 1 1 2 2 1 1 2 2 1 0 1 1 2 1 2 0 1 1 1 1 0 1 1 0 1 1 1 0 1 1 a 1 0 1 1 1 0 1 1 1 1 1 1 1 1 1 1 0 1 1 2 1 1 1 0 1 0 2 1 1 0 2 2 0 1 1 2 2 0 2 0 1 1 0 2 2 b 1 2 1 2 1 1 1 1 1 0 1 1 1 1 1 1 b 2 2 2 0 1 1 2 1 1 1 2 2 2 2 2 2 1 1 1 1 1 0 1 1 0 1 2 1 1 2 1 1 1 1 1 1 1 0 1 1 1 1 1 1 1 a 1 1 1 1 1 1 1 1 0 1 1 1 1 1 
2 2 1 1 2 0 2 0 1 0 1 2 2 0 1 2 1 1 0 2 2 2 1 2 1 1 1 1 1 1 1 1 1 1 1 0 a 0 1 1 1 1 1 1 1 1 1 1 1 1 1 1 1 1 0 1 0 1 1 0 0 1 1 1 1 1 1 1 1 1 0 0 1 1 1 1 1 0 1 1 1 1 a 1 1 1 1 1 1 1 1 1 1 0 1 1 1 0 1 b 2 1 0 1 1 1 1 2 1 0 1 1 1 2 1 1 1 1 2 0 0 1 2 2 0 1 2 2 1 2 1 1 0 1 0 0 1 1 1 0 1 1 1 1 1 a 1 0 1 0 1 0 1 0 1 1 0 1 1 1 
2 1 2 2 0 2 0 2 2 2 1 0 1 2 2 2 0 0 1 0 1 2 0 2 2 2 1 1 1 0 1 1 1 2 2 1 a 0 0 1 1 1 2 1 1 1 2 2 1 0 0 2 1 1 1 1 0 1 1 1 1 1 1 1 1 0 1 0 1 1 0 0 0 1 0 1 1 1 1 1 1 0 a 1 1 1 1 1 1 1 1 1 1 1 1 1 1 1 1 a 1 2 2 2 1 2 1 2 2 1 2 2 1 2 2 0 2 0 1 1 2 1 2 1 1 1 1 2 2 2 1 1 1 1 1 1 1 1 1 0 1 1 1 1 0 a 1 0 1 1 0 1 1 1 1 0 1 1 1 0 
2 1 0 1 1 2 2 0 1 1 0 1 1 1 1 0 0 2 1 2 1 2 2 2 2 2 1 1 1 0 1 1 1 0 1 2 b 0 1 2 1 0 2 0 1 2 1 2 1 0 1 1 1 0 0 1 0 1 1 0 0 1 1 1 1 1 1 1 1 1 1 1 1 1 1 1 1 1 1 1 1 1 a 1 1 1 1 1 1 1 0 1 1 1 1 1 1 1 1 a 2 2 1 1 2 0 2 1 2 2 1 2 1 2 0 1 1 2 2 2 2 1 0 1 2 1 1 0 2 2 1 1 1 1 0 1 1 1 1 1 1 0 0 1 1 a 1 1 1 1 1 1 1 1 0 1 1 1 1 0 
2 1 2 1 1 2 2 2 2 0 0 1 1 0 2 1 1 1 2 0 0 2 2 2 0 1 2 2 2 1 2 1 2 1 2 0 b 1 1 0 0 2 0 2 2 2 1 1 1 1 1 1 1 1 1 0 1 1 0 1 1 1 1 1 0 1 1 1 1 1 0 1 1 0 1 1 0 0 1 0 0 1 a 1 1 0 1 1 1 1 0 1 1 1 1 1 0 1 1 b 2 2 0 2 0 1 1 0 1 1 1 1 1 2 2 0 1 2 0 0 0 1 2 2 1 2 0 2 2 1 0 0 1 0 0 1 1 1 1 1 0 1 1 1 1 a 1 1 1 1 1 1 1 1 1 1 1 0 1 0 
0 2 1 0 2 2 2 1 1 2 2 1 2 0 1 2 2 0 2 2 2 2 2 2 1 0 0 1 2 2 1 1 1 2 2 1 a 1 1 1 2 1 1 2 2 1 2 0 2 2 1 1 1 1 1 1 1 1 1 1 1 1 1 1 1 1 0 1 0 0 1 1 1 1 0 0 1 0 0 1 0 1 a 1 1 1 1 1 1 1 1 1 1 0 0 1 0 1 1 b 0 0 2 1 2 2 0 1 2 1 1 2 2 0 1 0 0 1 1 0 2 0 0 2 0 2 2 0 2 1 1 1 1 1 1 1 1 1 0 0 1 1 0 1 1 a 1 0 1 0 1 1 1 1 0 1 1 1 1 1 
1 2 2 1 1 2 1 2 2 0 2 2 2 1 2 2 2 2 2 1 2 0 1 0 2 1 0 2 1 2 0 1 1 2 2 1 a 2 2 1 0 2 1 1 2 0 1 2 2 1 0 2 1 1 1 1 1 1 1 1 0 1 0 1 0 0 1 1 1 1 1 1 1 1 1 1 1 0 1 1 0 1 a 1 0 1 0 0 1 1 0 0 1 1 1 0 1 0 1 a 1 1 2 0 1 2 2 0 2 0 1 1 2 2 2 0 0 1 0 1 2 2 2 1 2 1 2 1 1 1 1 1 1 1 0 0 1 0 1 1 1 1 1 1 1 a 1 1 1 0 1 0 0 1 1 1 1 1 1 0 
2 2 2 1 0 1 1 1 2 1 0 2 0 0 0 2 1 1 2 1 1 2 1 2 2 2 1 0 0 1 0 1 2 2 0 2 b 2 1 2 2 0 1 2 2 1 0 2 2 1 0 0 1 1 1 1 0 1 1 1 0 0 0 1 1 1 1 1 1 1 1 0 1 1 1 1 1 0 1 1 0 1 a 1 0 0 1 1 1 1 1 1 0 1 0 1 1 1 1 a 2 2 0 2 2 0 2 1 2 1 1 1 0 1 1 2 2 1 2 1 2 0 1 1 1 2 2 1 2 1 1 1 1 1 1 0 1 1 0 1 1 1 1 0 1 a 0 1 1 1 0 1 1 0 1 1 0 1 1 1 
2 1 0 0 1 2 2 1 0 2 1 1 2 1 0 1 1 1 1 0 1 2 2 1 1 1 1 1 0 1 2 2 2 1 0 2 a 1 1 1 1 1 2 2 0 2 2 2 2 1 2 0 1 1 1 1 0 1 1 1 1 1 1 1 1 1 1 1 1 1 1 1 0 1 1 1 1 0 1 1 1 1 a 1 1 1 1 1 1 1 1 1 1 1 0 0 1 1 1 b 1 0 1 0 2 2 2 2 1 1 0 0 1 1 2 1 2 1 2 1 1 0 2 1 0 2 0 2 2 0 1 1 1 1 0 1 0 1 1 1 1 1 1 1 0 a 0 1 1 1 1 1 1 1 1 1 1 1 1 1 
2 1 2 1 2 2 1 0 1 1 0 1 1 2 2 2 2 0 1 1 2 2 2 2 2 1 0 2 2 1 2 2 1 1 2 2 a 1 1 2 2 1 1 1 1 1 2 0 1 0 2 0 1 1 1 1 1 1 1 1 1 1 1 1 0 1 0 1 1 1 1 1 1 1 1 1 1 1 1 1 1 1 a 1 1 0 1 1 0 1 1 1 1 1 1 0 1 0 1 a 0 2 0 2 2 2 2 2 2 2 0 2 2 1 0 2 2 1 2 2 1 2 0 0 1 0 1 0 0 1 1 1 1 1 1 1 1 1 0 1 1 0 1 1 1 a 0 1 1 1 1 0 0 1 1 1 1 1 1 1 
0 1 0 2 0 2 2 2 2 1 1 2 2 0 0 2 2 0 0 1 0 2 0 1 2 1 0 2 1 0 1 2 2 1 2 2 a 0 1 2 1 1 0 1 1 1 0 2 1 1 1 2 1 1 1 1 1 1 1 1 1 1 0 0 1 1 1 1 1 1 1 1 0 1 1 1 1 1 1 1 1 1 a 1 1 0 1 1 0 1 1 1 0 0 0 1 1 0 1 b 2 2 2 1 2 1 0 2 2 2 2 1 1 2 2 1 2 1 1 2 2 1 1 1 2 2 0 2 1 1 1 1 0 0 1 1 1 1 1 1 1 1 0 1 1 a 1 1 1 1 1 0 1 1 1 1 1 1 1 1 
1 2 1 1 2 2 2 2 2 1 1 2 1 2 1 1 2 1 1 1 0 0 1 2 1 2 1 1 0 2 1 1 2 2 1 0 a 1 2 2 2 1 0 2 0 0 2 1 1 2 2 2 1 1 1 1 1 1 1 1 1 1 1 0 1 1 1 1 1 1 1 1 1 1 1 1 1 1 1 1 1 1 a 1 1 1 1 1 1 1 1 1 1 1 1 1 0 0 1 b 1 2 2 1 2 2 0 1 0 1 1 1 0 2 2 1 1 2 2 2 1 0 2 0 0 2 2 1 2 2 1 1 0 1 1 1 0 1 0 1 1 1 1 1 1 a 1 1 1 1 1 1 1 1 1 1 1 0 1 1 
2 0 0 1 0 0 0 1 0 2 0 2 0 1 1 2 1 1 2 1 2 2 2 2 2 0 2 2 1 2 1 0 2 2 2 2 a 1 0 0 1 2 2 2 2 2 2 2 1 2 2 1 1 0 1 1 1 1 1 0 0 1 1 0 1 1 0 1 0 1 1 0 1 0 1 1 1 1 1 1 1 1 a 1 1 1 1 0 0 0 1 0 0 0 1 0 1 1 1 b 2 1 2 0 2 1 1 1 1 2 0 2 2 0 2 2 2 0 2 2 1 2 2 1 1 0 1 1 2 0 1 1 0 1 1 1 0 1 1 1 1 1 1 1 1 a 1 1 1 1 1 1 1 0 0 1 1 1 0 1 
1 0 2 1 1 2 2 2 1 2 1 2 1 2 2 0 2 1 1 0 2 2 2 1 2 2 2 0 1 1 1 2 1 1 2 1 a 1 1 2 2 1 2 0 2 0 2 0 2 1 2 1 1 1 1 1 1 1 1 1 0 1 1 1 0 0 0 1 1 1 1 1 1 1 1 0 1 0 0 1 0 1 a 1 0 1 1 1 1 0 1 1 1 1 1 1 1 1 1 a 2 2 1 1 2 0 2 2 1 1 2 0 0 1 2 2 1 2 1 2 2 2 2 1 2 2 0 2 1 0 1 1 1 1 1 1 1 1 1 1 1 0 1 1 1 a 1 1 0 1 1 1 1 1 1 1 1 1 1 0 
1 2 1 1 1 2 2 0 1 2 2 0 2 0 2 2 0 2 2 1 0 0 2 2 2 2 0 1 2 1 2 2 1 2 2 2 b 1 0 0 1 1 1 1 2 1 2 1 1 2 2 1 1 1 1 1 1 1 1 1 1 0 1 1 1 1 1 1 1 1 1 1 1 1 1 1 1 0 1 0 1 1 a 0 1 0 0 1 1 0 1 1 0 1 0 1 1 1 1 a 1 2 2 1 0 2 1 2 2 0 1 2 0 1 2 1 2 1 2 1 2 2 2 2 1 0 2 2 2 1 1 1 1 1 0 1 1 1 1 0 1 1 0 1 1 a 1 1 1 1 0 1 1 0 0 1 0 1 1 1 
2 2 2 0 2 2 0 2 2 0 2 0 2 2 2 2 0 2 1 0 2 2 1 1 2 0 2 0 1 2 1 1 2 1 2 2 b 2 0 1 2 2 2 0 1 2 0 0 2 0 1 1 1 1 0 1 1 1 1 1 1 1 1 1 1 0 1 1 1 1 1 1 0 1 1 0 1 0 0 1 0 0 a 1 1 0 1 1 1 0 1 1 0 1 1 1 0 1 1 b 1 2 0 0 1 0 2 1 2 2 1 1 1 0 2 2 2 2 2 2 2 1 2 2 1 2 1 0 0 1 1 1 1 0 1 0 1 1 1 1 0 1 0 0 0 a 1 1 1 1 0 1 1 1 1 1 1 1 1 1 
0 1 0 2 2 0 0 1 2 1 2 2 2 2 2 2 0 0 1 2 0 2 2 2 0 1 1 2 1 2 0 1 2 2 2 2 a 2 2 1 2 1 2 2 2 1 2 1 2 2 2 1 1 1 1 1 1 1 1 1 1 0 1 1 1 1 1 1 1 1 0 1 1 1 1 1 0 1 0 1 1 1 a 1 1 1 1 1 1 1 1 1 1 0 0 1 1 0 1 a 2 2 2 1 1 2 1 0 1 1 2 1 1 1 2 2 0 1 2 1 2 2 1 1 0 1 2 2 1 2 0 1 0 1 1 0 1 1 1 1 1 1 1 1 0 a 0 1 1 1 1 1 0 1 1 1 1 1 1 1 
2 2 1 2 2 2 2 1 2 2 2 0 2 2 2 2 1 2 2 1 0 2 0 1 0 1 2 1 0 2 1 2 1 2 1 2 a 1 1 2 1 1 1 0 1 2 2 0 1 2 1 2 1 1 0 0 1 1 1 1 0 1 1 1 1 1 1 1 1 1 1 1 1 1 0 1 1 0 1 1 1 1 a 0 1 0 0 1 1 1 0 1 1 1 0 1 1 0 0 a 2 0 1 1 1 2 1 1 0 2 0 2 2 2 2 2 2 2 2 2 1 1 1 1 0 1 1 1 1 2 1 1 1 1 1 1 1 1 1 1 0 1 0 1 1 a 1 0 1 0 1 0 1 1 1 1 0 1 1 1 
1 1 2 2 2 2 2 2 2 2 2 2 1 2 2 1 2 1 2 1 1 2 2 2 2 1 2 0 0 0 2 1 1 1 1 2 a 0 1 1 0 1 1 0 1 2 2 2 2 2 1 1 1 1 0 1 1 1 0 0 0 1 0 1 1 0 1 1 1 1 1 1 1 0 1 0 1 1 1 1 0 1 a 1 1 1 1 1 0 1 1 1 1 1 1 1 1 1 1 a 0 1 1 1 1 0 0 1 1 1 1 1 1 1 0 1 1 1 0 1 1 1 0 1 1 1 1 1 1 1 1 0 1 0 0 1 1 1 1 1 1 0 1 1 1 a 1 0 1 1 1 1 1 0 1 1 0 1 1 1 
2 2 1 0 0 0 2 1 2 2 1 1 2 1 0 0 2 1 2 1 2 2 2 2 2 2 2 2 2 1 1 2 0 0 2 2 a 2 2 0 1 1 2 1 1 1 1 2 2 0 2 1 1 1 1 0 1 1 0 1 0 1 1 0 1 0 0 1 1 1 1 1 1 1 1 1 1 1 0 1 1 1 a 1 0 1 1 1 0 1 1 1 1 1 0 1 1 0 0 a 1 1 1 1 1 0 0 0 0 1 1 1 1 1 1 1 1 1 1 1 1 0 1 0 1 1 1 0 1 1 1 1 0 1 1 1 1 1 1 0 1 0 1 0 1 a 1 0 1 0 0 1 0 1 1 1 1 1 1 1 
2 0 2 1 0 2 2 2 0 2 0 2 2 1 0 2 2 0 2 2 2 0 2 2 0 2 0 2 1 0 0 1 1 2 1 1 a 1 2 2 2 1 1 0 0 1 2 1 1 1 2 2 1 1 1 0 1 1 1 1 1 1 1 1 1 1 1 1 0 1 1 0 1 1 1 1 1 1 1 1 1 1 a 1 0 1 1 1 1 1 1 1 1 1 1 1 1 1 1 a 1 1 0 1 1 1 1 1 1 0 1 1 0 0 0 0 1 0 0 1 1 1 1 0 0 1 1 0 0 1 0 1 1 1 1 1 1 1 1 0 1 1 1 1 1 a 1 1 0 1 1 1 1 1 1 1 1 1 0 1 
0 2 2 2 1 2 1 2 2 2 0 0 1 1 1 2 1 2 2 0 2 2 2 2 2 1 0 1 2 2 1 1 1 1 1 0 b 1 1 1 2 2 2 1 1 2 2 1 2 1 2 2 0 0 1 1 1 0 1 1 1 1 1 0 1 1 1 1 1 1 0 1 1 1 0 1 1 1 1 1 1 1 a 1 1 1 1 1 1 1 1 1 1 0 1 1 1 1 1 a 1 1 1 1 0 0 1 1 1 1 1 1 1 1 1 0 0 1 0 1 1 1 1 1 1 1 1 1 0 1 1 1 1 0 1 1 0 1 1 1 1 1 1 1 1 a 1 1 1 1 0 1 0 0 1 1 0 1 1 1 
2 2 1 2 2 2 1 2 2 1 0 2 2 2 1 1 2 0 1 1 1 1 1 2 0 1 2 1 1 2 2 1 1 1 1 0 a 2 2 1 0 1 2 1 2 1 2 1 2 2 2 2 1 1 1 1 1 1 1 1 1 1 1 1 0 1 0 1 0 1 1 1 0 1 0 1 0 1 1 1 0 1 a 1 1 1 0 0 1 1 1 1 1 1 0 1 1 1 1 a 1 0 0 0 1 1 0 1 1 1 0 1 0 1 1 1 1 1 1 1 1 0 1 1 1 1 1 1 1 1 1 1 1 1 0 1 1 1 1 1 1 1 1 0 1 a 1 1 1 1 0 1 1 1 1 0 1 1 1 1 
1 1 1 1 2 1 2 0 0 0 2 0 2 2 0 2 1 0 1 1 0 1 1 2 0 2 2 2 1 1 0 1 1 2 2 1 b 2 1 0 1 0 2 2 0 0 1 1 2 2 2 0 0 0 1 1 1 1 0 1 1 1 0 0 1 1 1 1 1 0 1 1 1 1 1 1 1 1 0 0 1 1 a 1 1 0 1 1 1 1 1 1 1 1 0 1 1 1 0 a 0 1 1 1 1 1 0 1 1 1 0 1 1 1 1 1 0 1 1 1 1 1 1 1 1 1 1 1 1 1 1 1 0 0 1 0 1 1 0 1 1 1 1 1 1 a 1 0 1 0 0 1 1 1 1 1 1 1 1 0 
2 1 0 1 1 1 1 2 2 0 2 0 0 2 0 1 1 2 0 1 1 1 0 1 1 2 2 2 0 2 0 2 0 0 1 2 b 0 0 2 2 2 1 1 2 2 2 1 0 1 1 0 1 1 1 1 1 1 1 1 1 1 1 1 0 1 1 1 1 1 1 1 1 1 1 0 1 1 1 1 1 1 a 1 1 1 1 0 0 1 1 0 1 0 1 0 1 1 1 a 1 1 1 1 1 0 1 0 1 1 1 1 1 1 1 0 0 0 1 1 1 0 1 1 1 0 1 1 1 1 1 1 1 1 1 1 1 0 1 1 1 1 1 1 1 a 1 1 0 0 1 1 0 1 1 1 1 1 1 1 
1 1 2 2 1 2 2 0 2 1 1 1 2 2 0 2 2 0 0 1 1 0 2 0 2 2 1 1 1 1 1 2 1 0 1 1 a 1 1 1 2 1 0 1 1 1 0 2 2 2 1 1 1 0 1 1 1 1 1 1 1 1 1 1 1 1 1 1 1 1 1 1 0 0 1 1 1 0 1 1 1 1 a 0 1 1 1 1 0 0 1 1 1 1 1 1 0 1 1 a 1 0 1 0 1 1 0 1 1 1 1 1 0 0 1 0 1 1 1 1 1 1 1 0 1 1 1 1 1 1 1 0 1 1 1 1 0 0 1 1 1 1 0 1 1 a 1 1 1 1 0 1 1 1 1 1 0 1 1 1 
2 2 0 1 0 1 1 0 1 1 1 1 1 0 2 2 2 1 2 1 1 1 0 2 1 1 0 2 1 1 1 1 1 0 0 2 a 0 2 1 2 2 1 2 1 2 1 2 2 2 2 2 1 1 1 1 0 1 0 1 1 0 1 1 1 1 1 1 1 0 0 1 0 1 1 1 0 1 0 1 1 1 a 1 1 1 1 1 1 1 1 1 0 1 1 1 1 1 1 a 1 1 1 1 0 0 1 0 1 1 1 1 1 1 1 0 1 1 1 1 0 1 1 1 1 1 1 1 0 1 0 1 1 0 1 1 0 0 1 1 0 1 0 0 1 a 1 1 1 1 1 1 1 1 1 1 1 0 0 1 
1 0 2 0 1 2 2 1 1 2 1 1 2 1 1 0 2 1 1 1 1 0 0 0 1 1 1 0 0 0 2 0 1 2 1 1 a 0 1 1 1 1 0 1 2 2 0 2 2 2 1 0 1 1 0 1 0 1 1 1 0 1 1 1 1 1 1 1 0 1 1 1 1 1 1 0 1 1 1 1 1 0 a 1 1 1 1 1 1 1 1 1 1 1 1 0 1 1 1 a 0 0 0 0 1 1 1 0 1 1 1 1 1 1 1 1 0 1 1 1 1 1 0 1 1 0 0 0 1 1 1 1 1 1 1 1 1 1 1 0 1 1 1 0 1 a 1 1 1 1 1 1 1 1 1 1 0 1 1 1 
1 2 1 2 1 2 2 2 1 1 1 2 2 2 0 1 0 0 2 1 1 2 2 1 0 0 1 1 2 2 2 1 2 2 2 1 a 2 1 1 0 2 2 2 0 0 0 2 2 1 2 0 1 0 1 0 1 1 1 0 1 1 1 1 1 1 1 1 1 1 1 1 0 0 1 1 1 1 1 1 1 1 a 1 1 0 1 1 1 1 1 1 0 1 1 1 1 1 1 a 0 0 0 1 1 1 1 1 1 1 1 1 1 0 1 1 1 0 1 1 1 1 1 1 1 0 1 1 1 1 1 1 1 1 1 0 1 0 1 0 1 1 1 0 1 a 1 0 0 1 1 1 0 0 1 1 1 1 1 1 
2 2 1 2 2 2 2 2 2 0 1 1 2 2 2 0 2 2 1 1 1 2 0 0 1 0 1 2 1 0 1 1 2 0 2 1 b 1 2 0 2 1 2 1 2 1 0 1 0 1 2 1 1 1 1 1 1 0 1 1 0 1 1 0 1 0 1 1 1 0 1 1 1 1 0 1 0 1 1 1 1 1 a 0 0 1 1 1 0 0 1 1 1 1 0 0 1 1 1 a 1 0 0 0 1 1 1 1 1 1 1 1 1 1 0 1 1 1 0 1 0 1 0 0 1 1 1 0 1 0 0 1 1 1 1 1 1 1 1 1 1 0 1 1 1 a 1 0 0 1 0 1 1 1 1 1 1 0 1 1 
2 2 2 1 1 2 1 1 1 1 0 1 1 2 2 2 2 1 0 0 0 0 1 1 1 2 2 2 1 2 1 0 0 1 0 1 b 1 0 1 0 1 2 1 1 1 1 2 1 2 0 1 1 1 1 1 1 0 1 1 1 0 1 0 1 1 1 1 1 1 1 1 1 1 0 1 1 1 1 1 1 1 a 1 1 1 1 1 1 0 1 1 1 1 0 1 1 1 1 a 1 1 0 1 1 1 1 1 1 1 1 1 1 1 1 1 0 1 0 1 1 1 1 1 1 1 0 0 1 1 1 1 1 1 0 1 1 1 1 1 1 0 0 1 1 a 1 0 0 1 0 1 1 1 1 1 1 1 1 1 
2 2 1 0 0 2 2 2 2 1 2 1 2 0 1 0 1 1 0 1 1 2 2 1 2 0 2 1 2 2 1 1 1 2 2 1 a 2 2 0 2 0 0 2 1 0 1 0 0 1 1 2 1 1 1 1 1 1 0 0 1 0 0 1 1 0 1 1 1 1 1 1 0 1 1 1 0 0 1 0 0 1 a 1 1 1 1 1 0 0 1 1 1 1 1 1 1 1 1 a 1 1 1 1 0 1 1 1 1 1 1 1 0 1 0 1 1 1 1 1 1 1 1 1 1 0 1 0 1 1 1 1 1 0 1 0 0 1 0 0 1 1 1 1 1 a 1 1 1 1 1 1 1 1 0 1 1 1 0 1 
0 2 1 2 2 0 1 2 2 1 1 1 1 2 2 2 1 2 2 0 1 0 2 1 0 0 2 0 0 2 2 2 1 2 2 2 b 1 1 0 0 2 0 1 1 2 0 1 0 2 0 2 0 1 0 1 1 1 0 1 1 1 1 1 1 1 0 1 1 0 1 1 1 0 1 0 1 1 1 1 1 0 a 0 0 1 1 1 1 1 0 1 1 0 1 0 1 1 1 a 0 1 1 1 1 1 1 1 1 0 1 1 1 1 1 1 1 1 1 1 1 1 1 1 1 0 1 1 0 0 1 1 1 1 1 1 1 0 0 0 1 1 1 1 1 a 1 0 1 1 1 0 1 1 1 1 1 1 1 0 
1 1 0 1 2 1 1 1 2 2 1 2 1 1 2 1 2 0 2 1 1 1 0 1 1 1 1 1 0 1 1 1 1 1 1 0 a 0 1 1 1 1 1 1 1 1 1 1 1 1 1 1 1 1 1 1 1 0 1 1 0 1 1 1 0 1 1 1 1 0 1 1 1 1 1 1 1 1 1 1 1 0 a 1 0 0 1 1 1 1 1 1 1 1 1 1 1 1 1 a 1 1 1 0 1 0 1 1 1 1 0 1 0 1 1 1 1 1 1 1 0 1 0 0 1 1 1 1 1 1 0 1 1 1 1 1 1 1 1 0 1 1 1 0 1 a 0 0 1 1 0 0 1 1 1 1 0 1 1 1 
2 1 1 2 2 1 1 0 2 2 1 2 0 1 2 1 0 2 2 1 1 0 1 1 1 1 1 1 1 1 1 1 1 1 1 0 a 0 1 1 0 1 1 0 1 1 1 1 1 1 1 1 1 0 1 1 1 1 1 1 1 0 1 1 1 1 1 1 1 1 1 1 1 1 1 1 1 1 1 1 1 1 a 1 1 1 1 2 2 2 1 2 2 1 1 1 2 2 1 b 1 2 2 2 2 2 1 2 1 1 2 2 1 0 0 1 1 1 0 1 1 1 1 1 0 0 1 1 0 1 1 1 1 1 1 1 1 1 0 0 1 1 1 0 1 a 1 1 1 0 1 1 1 0 1 1 0 1 1 0 
1 2 1 0 0 2 1 2 1 1 0 1 0 2 1 2 0 1 1 1 0 1 1 1 1 0 1 0 1 1 1 1 1 1 1 0 a 1 1 1 1 1 1 1 1 0 1 1 1 0 1 0 1 0 1 1 1 1 1 0 1 0 0 1 0 1 1 0 1 1 1 1 0 1 0 1 1 1 1 1 0 1 a 1 1 1 1 0 1 2 2 0 1 1 1 1 2 2 0 a 2 0 1 1 1 1 0 0 1 1 2 2 0 2 2 1 1 1 1 1 1 1 1 1 1 1 1 1 1 0 1 0 0 1 1 0 1 1 1 1 1 1 1 1 1 a 1 1 1 1 1 1 0 1 1 1 1 0 1 1 
1 0 2 0 0 2 0 0 2 2 1 0 2 2 2 2 0 0 1 1 1 1 0 0 1 0 0 0 0 1 1 1 0 1 1 0 a 0 1 1 1 1 1 1 1 1 1 0 1 1 1 1 1 1 1 1 1 1 1 1 1 1 1 1 0 1 1 1 0 1 1 1 1 1 1 0 1 1 1 1 1 1 a 1 1 1 1 0 2 1 1 2 2 1 2 0 1 1 2 b 1 2 2 2 1 2 1 1 1 2 1 1 1 1 2 0 2 1 1 1 1 1 1 1 0 1 1 0 0 1 1 1 1 1 1 1 1 1 1 1 1 1 0 0 0 a 1 1 1 0 1 1 1 1 1 1 1 1 0 0 
2 1 1 2 1 2 2 1 0 1 0 0 1 2 1 2 2 0 2 1 0 1 1 1 0 1 1 1 1 1 0 1 1 1 1 1 a 0 1 1 1 1 1 1 0 0 0 1 1 1 1 1 0 1 0 1 1 1 1 1 1 1 1 1 0 0 1 1 1 0 1 0 1 1 1 1 1 1 1 1 1 1 a 1 1 1 2 2 2 1 1 0 0 1 2 1 0 0 2 b 0 1 2 1 0 1 1 1 1 2 1 2 2 1 2 2 1 1 1 1 1 1 0 1 1 1 0 0 1 0 1 0 1 0 1 0 0 1 1 0 1 1 1 1 1 a 1 0 1 1 1 1 1 1 0 0 0 1 0 0 
2 1 2 0 2 1 0 0 0 1 2 2 0 2 1 1 0 2 1 1 1 1 1 1 1 1 1 1 0 1 1 1 1 0 1 1 a 1 0 1 0 1 1 1 1 1 1 1 1 0 1 1 1 0 0 1 1 0 1 1 1 0 1 1 1 0 0 1 1 1 1 1 1 1 1 1 1 1 1 1 1 1 a 1 1 0 2 0 1 2 1 2 0 2 1 1 0 1 1 b 2 2 1 2 1 0 1 2 1 2 1 0 0 1 1 1 0 0 1 1 1 1 1 1 1 1 1 1 1 1 0 1 1 0 1 1 1 1 1 1 0 1 1 1 1 a 0 1 1 0 1 1 1 1 1 0 0 1 1 1 
0 1 2 1 0 0 1 2 2 1 0 0 2 2 0 1 1 2 1 1 1 1 1 1 0 1 1 1 1 1 0 1 1 1 0 1 a 1 1 0 1 0 1 1 1 1 0 1 1 1 1 1 1 1 1 0 1 0 1 1 1 0 1 1 1 1 1 0 1 1 1 0 1 1 1 1 0 1 1 1 1 1 a 1 0 1 2 0 1 2 2 0 1 2 2 2 1 1 0 a 2 2 1 1 2 1 2 2 2 0 1 0 2 2 0 2 2 1 1 1 1 1 1 1 1 1 1 1 1 1 1 1 1 1 1 1 1 0 1 1 1 0 1 1 1 a 1 1 0 0 1 0 0 1 1 1 1 1 1 0 
0 1 2 2 2 2 1 1 2 0 1 1 1 2 1 1 2 1 2 1 1 1 0 1 1 1 1 0 1 0 0 1 1 1 0 1 a 1 1 0 0 0 1 1 1 1 1 1 1 0 1 0 1 1 0 0 1 1 0 1 0 0 1 1 1 1 1 1 0 1 1 1 1 1 1 1 1 1 1 1 1 1 a 1 1 1 1 2 0 1 2 2 2 1 2 2 2 0 2 b 2 2 2 2 1 0 2 2 1 2 1 2 1 2 2 1 0 0 1 1 1 1 1 0 1 1 1 1 1 1 1 1 1 1 1 1 1 1 0 0 1 1 1 1 1 a 1 0 1 1 1 1 0 1 1 1 1 1 1 1 
1 1 0 2 1 1 2 2 0 1 2 2 2 1 0 1 1 1 2 1 1 1 1 1 0 1 1 0 1 1 1 1 1 1 1 0 a 1 0 0 1 1 0 1 1 1 1 1 0 1 1 1 1 1 1 1 1 1 1 1 0 1 1 1 1 1 1 1 0 1 1 1 1 1 1 1 1 1 1 0 1 1 a 1 1 1 1 2 2 2 1 0 1 2 0 1 2 1 1 a 2 1 0 1 0 2 2 1 1 1 0 2 1 1 2 1 0 1 1 1 1 1 1 1 1 0 1 1 1 1 0 1 1 1 1 1 1 1 0 1 0 0 1 1 1 a 0 1 1 1 0 1 1 0 1 1 0 0 1 0 
2 1 1 0 0 2 2 2 2 2 1 0 1 1 1 2 2 2 2 1 1 1 0 1 1 1 0 1 1 0 1 1 1 1 1 1 a 1 1 0 1 1 1 1 1 1 1 1 1 1 0 0 0 1 1 1 1 1 1 0 0 1 0 1 1 0 1 0 0 1 1 0 1 1 1 1 0 1 1 1 1 0 a 0 1 1 0 1 1 1 1 1 2 2 1 0 2 2 2 b 2 2 1 1 2 2 2 1 1 0 2 1 0 2 1 2 1 1 1 1 0 0 1 1 1 1 1 0 1 1 1 1 1 1 0 0 1 0 1 1 1 1 0 1 1 a 1 1 1 1 1 1 1 1 1 1 1 1 1 1 
2 1 1 0 2 2 2 2 2 0 2 0 2 0 0 2 1 2 2 1 1 1 1 1 1 1 1 1 0 0 1 1 1 1 0 0 a 1 1 1 1 1 0 1 1 1 1 1 1 1 1 1 1 1 1 1 1 1 1 1 1 0 1 1 0 1 1 1 1 0 1 1 1 1 1 1 1 1 1 1 1 1 a 1 1 0 0 2 2 2 0 2 1 0 1 2 2 1 1 a 1 1 2 0 2 2 1 2 1 0 2 2 2 1 1 1 1 1 1 1 1 1 1 1 1 1 1 1 1 1 0 0 1 1 1 1 1 0 0 1 1 1 0 1 1 a 1 1 1 1 1 0 1 0 1 1 1 1 1 1 
1 2 2 0 1 1 2 2 1 0 0 2 1 2 2 1 1 2 0 1 1 1 1 1 1 1 1 1 1 1 1 0 1 0 1 1 a 0 0 1 1 1 1 1 1 0 1 1 1 1 1 0 1 1 1 1 0 0 1 0 1 1 1 1 1 1 0 1 1 0 1 1 1 1 0 1 1 1 1 1 1 1 a 1 1 1 2 2 1 0 0 2 1 1 2 1 0 1 2 a 1 1 1 1 2 2 2 2 0 2 1 1 2 1 0 1 2 1 0 1 1 1 1 0 1 1 1 1 1 1 1 1 0 1 1 1 1 0 0 0 0 1 1 1 0 a 0 0 1 0 0 1 1 1 1 1 1 1 0 1 
1 1 1 1 0 1 1 1 0 1 1 1 1 1 1 1 1 1 1 1 0 1 1 1 0 0 1 1 1 1 1 0 1 1 1 0 a 1 1 1 1 1 1 1 0 0 0 0 0 1 0 1 1 1 1 0 1 1 0 0 1 1 1 0 1 0 1 1 1 1 1 1 0 1 0 0 1 1 1 1 1 1 a 1 1 0 1 2 1 0 2 2 2 1 1 1 1 0 1 b 0 2 2 1 2 0 2 2 1 0 0 1 2 2 0 2 2 1 1 0 1 1 1 1 0 1 1 1 1 1 0 0 1 1 0 1 1 1 0 1 0 1 1 1 1 a 1 0 1 1 1 0 1 1 1 1 1 1 0 1 
0 0 1 0 1 1 1 1 1 1 0 0 1 0 1 1 1 1 1 1 1 1 1 1 1 1 0 0 0 1 1 0 1 1 1 1 a 1 1 1 1 1 1 1 0 1 1 1 1 0 1 1 1 1 1 1 0 0 1 1 1 1 1 1 1 1 0 1 0 1 0 1 0 1 1 0 1 1 1 1 1 1 a 1 1 1 1 1 0 2 0 2 2 1 1 2 2 1 0 b 2 2 0 0 0 2 1 2 1 1 2 1 1 2 2 1 1 1 1 1 0 0 1 1 1 0 1 0 0 1 1 0 1 1 0 1 1 1 1 1 0 1 1 1 1 a 1 0 0 1 0 0 1 0 1 1 1 1 0 0 
1 1 1 1 1 1 1 0 1 0 1 0 1 1 1 1 1 1 1 0 1 1 0 1 1 1 1 1 1 1 1 1 1 1 1 0 a 1 0 0 1 0 1 1 1 1 0 1 1 0 1 1 1 1 0 0 0 1 1 1 1 1 1 1 1 0 1 0 1 0 1 1 1 1 1 1 1 1 1 0 1 1 a 1 1 1 1 0 2 1 2 2 2 1 2 1 2 2 1 b 1 0 1 0 2 1 0 2 2 1 0 1 1 0 2 2 1 1 1 1 1 1 1 1 1 1 1 1 1 1 1 1 1 0 0 1 1 1 1 1 0 1 0 1 1 a 1 1 1 1 0 0 1 0 1 0 1 0 1 0 
1 1 1 0 1 1 1 1 1 1 1 1 1 1 1 0 1 0 1 1 0 1 1 1 0 1 1 0 1 1 1 1 0 1 1 1 a 0 1 1 1 1 1 1 1 0 1 1 1 1 1 0 1 1 1 1 1 1 1 1 0 0 1 1 1 1 1 1 1 1 1 0 1 0 0 0 1 1 1 1 1 1 a 1 1 1 2 0 1 1 2 0 1 2 2 1 1 0 1 a 2 0 2 2 0 0 0 1 1 0 0 1 0 1 1 0 1 0 1 1 1 1 1 1 0 1 0 1 1 1 0 1 1 1 1 1 1 1 1 1 0 1 1 1 1 a 1 0 0 1 0 1 1 1 1 0 1 1 1 1 
1 1 1 1 1 1 1 1 0 1 1 1 1 1 1 1 1 0 1 0 0 1 1 1 0 1 0 0 1 0 1 1 1 1 1 0 a 1 1 1 1 1 1 1 1 0 1 1 1 0 1 1 0 1 1 1 1 2 2 0 1 2 1 0 1 1 0 1 0 1 1 1 1 2 1 0 2 1 1 1 0 2 a 2 2 1 0 2 1 1 2 0 1 1 2 1 2 2 1 b 2 2 0 2 0 1 0 2 1 2 0 1 2 2 1 1 2 1 0 0 1 1 0 1 1 1 1 1 1 1 0 1 1 1 1 1 0 0 1 1 1 0 1 1 1 a 0 0 1 1 1 1 1 1 1 1 0 0 1 1 
1 0 1 1 1 1 1 1 1 1 1 1 1 1 0 1 1 1 1 1 0 0 0 0 0 1 0 1 1 1 1 1 1 1 1 1 a 1 1 0 0 1 1 0 1 1 1 1 1 1 0 0 1 1 0 1 1 1 2 2 0 2 0 0 2 2 1 1 1 1 2 2 2 0 1 2 1 1 1 0 2 2 b 1 2 1 2 2 2 2 0 1 1 0 0 1 1 1 2 a 0 2 2 2 1 2 2 2 1 1 2 0 1 2 1 1 1 1 0 1 1 0 1 1 0 1 0 1 0 1 1 1 1 1 1 1 1 1 1 1 0 1 1 1 0 a 0 1 1 1 1 1 1 1 1 1 1 1 1 1 
1 1 1 1 1 1 1 1 0 1 1 0 1 1 1 1 1 0 1 1 1 1 1 1 1 1 1 1 1 1 0 1 1 0 1 1 a 1 1 1 0 1 0 1 1 0 1 0 1 1 1 1 1 1 1 1 0 2 2 2 1 2 0 1 1 1 2 1 2 0 0 1 0 2 1 2 0 1 1 1 1 2 b 0 1 2 2 0 2 2 2 0 2 1 2 2 1 2 1 b 2 1 2 1 2 1 0 0 0 0 0 0 0 1 2 0 2 1 1 1 1 1 1 1 1 1 1 1 0 1 1 1 0 0 1 1 1 0 1 0 0 1 1 1 1 a 1 1 1 0 1 0 1 1 1 1 1 0 1 1 
1 1 1 1 1 1 1 1 0 1 1 0 1 0 0 1 1 1 1 1 1 1 1 1 1 1 1 1 1 1 0 1 1 1 1 1 a 0 1 1 1 1 1 1 1 0 1 0 1 1 1 1 1 1 1 0 1 1 1 1 1 1 2 0 0 0 1 1 0 0 2 1 1 0 1 1 2 2 1 1 2 1 b 1 2 1 0 2 2 2 1 2 2 2 2 1 1 1 2 b 2 0 1 2 0 0 1 1 1 1 0 1 0 2 1 2 1 1 1 1 1 1 1 1 1 0 1 1 1 1 1 1 1 1 1 1 1 0 1 1 1 1 1 1 1 a 1 0 1 0 1 1 1 1 1 1 1 0 1 1 
1 1 1 1 1 1 1 1 1 0 1 1 1 1 1 1 1 0 1 0 1 1 1 1 1 1 1 1 1 0 1 0 1 1 0 1 a 1 1 1 1 1 1 1 1 1 1 1 1 1 1 1 0 1 1 1 1 2 2 2 2 1 1 1 2 1 1 2 2 2 2 2 0 0 1 1 1 1 2 2 1 0 a 2 1 2 0 1 1 2 1 2 0 2 2 1 1 2 2 b 2 2 2 2 1 2 1 0 2 1 0 2 2 2 1 2 2 1 1 1 0 1 1 0 1 1 1 0 0 1 1 0 1 1 1 1 1 1 1 1 1 1 1 1 1 a 1 1 1 0 1 1 1 1 1 0 1 0 1 1 
1 1 1 1 0 1 1 0 1 1 1 1 1 1 1 1 1 1 1 1 1 1 0 0 1 1 1 1 1 1 1 1 1 1 1 0 a 1 1 1 0 1 1 1 0 0 1 1 1 1 0 1 0 1 1 1 1 2 1 2 1 0 2 1 1 1 1 1 2 1 1 0 0 2 2 1 2 2 1 2 1 2 b 0 1 2 2 2 2 1 1 0 2 2 2 2 2 2 2 a 0 1 2 1 1 1 2 0 2 2 2 1 1 2 2 2 1 1 1 1 1 1 1 0 1 1 1 1 1 1 0 1 1 1 0 1 1 0 0 1 1 1 0 1 1 a 1 1 1 1 0 0 1 1 0 1 1 1 1 1 
1 1 0 1 1 1 1 1 1 1 1 1 1 1 1 1 1 0 1 1 1 1 1 1 1 1 1 0 1 1 1 1 1 1 1 0 a 1 0 1 1 0 1 1 1 1 0 0 1 0 0 0 1 0 1 1 1 0 2 2 0 2 2 1 2 2 2 1 1 2 2 1 1 1 2 2 0 2 1 1 2 2 b 2 0 2 2 2 2 0 1 1 2 1 1 0 2 1 2 a 2 1 2 2 2 0 0 1 2 1 2 2 1 2 1 1 1 1 1 0 1 1 1 1 1 1 1 1 1 1 1 1 0 1 1 1 1 1 0 0 1 0 0 1 1 a 1 1 1 1 1 1 1 1 1 1 1 1 1 0 
0 0 1 1 0 1 0 1 1 1 1 1 0 1 0 0 1 1 0 0 0 1 1 1 1 1 1 1 0 0 1 0 1 1 1 1 a 1 1 1 1 1 1 1 1 1 1 1 1 1 1 1 1 1 1 0 0 2 1 1 2 2 0 2 1 1 1 1 1 0 0 1 2 0 0 1 2 2 2 2 2 1 a 2 2 0 2 2 1 1 1 0 0 2 1 1 1 1 2 b 2 2 1 2 2 2 1 2 0 2 2 2 1 0 1 1 0 1 0 1 1 0 1 1 1 1 1 0 1 0 1 1 1 1 1 1 1 0 0 1 1 1 0 1 1 a 0 1 0 1 0 0 1 0 0 1 0 1 1 1 
1 1 1 1 1 1 0 1 1 0 1 1 1 1 1 0 1 1 1 1 1 1 1 1 1 1 0 0 1 1 1 1 1 1 1 0 a 1 1 1 1 1 1 0 1 1 1 1 1 1 0 1 0 1 1 0 0 1 0 0 2 1 1 1 1 1 2 1 0 2 0 1 1 2 2 1 0 2 0 0 1 1 b 2 1 2 0 2 2 0 2 2 2 2 0 2 1 0 0 b 0 0 2 1 2 1 1 1 0 1 2 0 1 2 2 1 0 1 1 0 1 1 1 0 1 1 1 1 1 1 0 1 1 1 0 1 1 1 1 0 0 1 1 1 1 a 1 0 1 1 0 1 1 1 1 1 1 1 1 0 
1 0 1 1 1 1 1 1 1 1 1 1 1 1 1 0 1 1 1 1 1 0 0 1 0 1 0 1 0 1 1 1 1 1 1 0 a 1 0 0 1 1 1 1 1 1 1 1 1 1 1 1 1 1 1 1 1 0 2 2 2 1 0 0 1 2 0 0 2 1 1 1 1 0 1 2 0 2 2 2 0 1 a 1 2 2 2 0 1 1 0 1 1 2 0 2 1 2 0 b 2 2 0 2 1 2 1 1 1 1 1 2 1 1 1 2 2 1 1 1 1 1 1 1 0 0 1 1 1 1 1 0 0 0 0 1 1 1 0 0 1 1 1 1 1 a 1 0 0 1 1 1 1 1 1 0 1 1 1 0 
1 1 0 1 0 1 0 1 1 1 1 1 1 1 1 1 1 1 1 1 1 0 1 1 1 0 1 1 1 1 1 1 1 1 1 1 a 1 1 1 1 0 1 1 1 0 1 1 1 1 1 1 1 1 1 1 0 2 0 2 1 1 1 2 2 2 0 1 2 2 1 0 2 2 2 0 1 2 2 2 2 1 a 1 2 1 0 2 0 1 2 1 0 2 1 1 2 2 0 b 2 0 0 1 0 1 0 1 2 1 1 2 1 0 2 1 1 1 1 1 1 1 0 1 1 1 1 1 1 1 0 1 1 0 1 1 1 1 1 1 1 0 1 1 1 a 1 1 1 1 0 1 1 1 0 0 0 1 1 0 
1 1 0 0 1 1 1 1 1 0 1 1 1 1 1 1 1 1 1 0 1 1 1 1 1 1 1 0 1 1 1 1 1 1 1 0 a 1 1 0 1 1 1 1 1 1 1 1 0 1 1 1 1 1 1 0 1 1 2 2 1 1 2 2 1 2 0 0 1 0 1 2 1 0 1 1 1 2 2 1 2 0 b 1 1 2 2 2 1 2 2 2 0 1 1 1 1 0 2 b 0 2 2 0 2 2 0 2 1 1 0 1 2 1 2 1 2 1 1 1 1 1 0 1 1 0 1 1 1 1 1 0 1 0 1 1 1 1 1 1 1 1 0 0 1 a 1 1 1 1 1 1 1 0 1 1 0 1 1 0 
1 1 0 1 0 1 1 1 1 0 1 1 1 1 1 1 1 1 1 1 1 0 1 0 1 0 1 1 1 1 1 1 1 1 1 1 a 0 1 1 1 0 1 1 1 1 1 1 1 1 0 1 1 1 1 1 1 1 1 1 2 1 0 1 2 2 1 1 1 0 2 1 2 2 1 1 0 2 1 2 1 1 b 1 1 0 0 2 2 1 2 0 1 1 1 1 1 1 1 b 2 1 2 1 1 2 0 1 0 0 2 0 2 1 2 1 2 0 1 1 1 1 1 1 1 1 1 1 1 1 1 1 1 1 0 0 1 1 0 1 0 1 1 1 1 a 0 1 1 1 1 0 1 1 0 1 1 1 1 0 
1 1 1 0 1 1 1 1 1 0 0 1 1 0 1 1 1 1 0 1 1 1 1 1 1 0 1 0 1 1 1 1 0 0 1 1 a 1 1 1 0 1 0 1 0 1 1 1 1 1 1 1 0 1 1 1 1 2 2 2 0 2 2 1 0 2 2 0 2 0 2 1 0 2 2 0 2 2 1 2 0 2 a 2 2 2 2 1 1 2 2 0 0 0 1 2 2 0 0 a 2 2 1 2 1 2 0 1 1 1 0 1 2 2 1 1 0 0 0 1 0 0 1 0 1 1 1 1 1 0 1 1 1 0 1 1 1 1 1 1 1 1 1 1 1 a 0 1 0 1 1 1 1 1 1 0 1 1 0 1 
0 1 1 0 1 1 0 1 1 1 1 1 1 1 1 1 1 0 1 0 1 1 1 1 1 1 1 1 1 1 1 1 1 0 1 0 a 1 1 0 1 1 1 0 1 1 1 1 1 1 1 1 1 1 1 1 1 1 1 1 1 2 2 1 0 1 0 2 2 0 1 0 1 2 0 1 2 2 1 1 2 0 b 0 1 1 2 0 2 2 2 1 1 1 2 2 2 0 1 b 2 1 1 2 0 0 2 2 1 1 1 0 1 1 0 2 1 1 1 1 1 1 1 1 1 1 0 1 0 1 1 0 0 1 0 1 1 0 1 1 1 1 1 1 0 a 1 0 0 1 0 1 1 1 1 0 1 1 1 1 
1 0 1 1 1 1 0 1 1 1 1 1 1 1 1 1 1 0 0 1 1 0 1 1 1 1 1 1 1 0 0 1 1 1 1 0 a 1 1 1 1 0 1 2 0 0 1 1 0 1 0 2 2 0 0 1 0 0 1 0 2 2 0 2 1 2 2 0 2 0 1 1 0 0 1 2 1 2 2 2 0 1 b 1 1 2 2 2 2 1 2 2 2 2 1 1 2 1 1 b 2 1 2 1 2 1 1 1 0 1 1 1 2 0 2 0 1 1 0 1 1 1 1 1 1 0 1 1 0 0 1 0 1 1 1 1 1 1 1 0 1 0 1 0 1 a 1 1 0 0 1 1 1 1 1 1 1 1 0 1 
1 0 1 1 1 1 1 1 1 1 1 1 1 1 1 1 0 0 1 0 1 0 1 1 1 1 1 1 0 1 1 1 1 1 1 1 a 1 1 1 1 2 2 2 2 1 1 1 2 1 1 0 0 1 1 1 1 2 0 2 2 2 0 2 2 2 2 2 2 2 2 1 2 0 0 2 1 2 1 2 2 1 b 0 1 2 0 0 1 1 1 1 1 1 1 1 0 0 1 a 1 1 1 1 1 1 0 0 1 1 0 1 1 1 0 1 1 1 1 1 1 1 0 0 1 1 0 1 1 0 1 1 0 1 1 1 0 1 1 1 1 1 1 1 0 a 1 0 1 0 1 0 1 1 1 1 1 1 1 0 
1 1 1 1 1 1 1 0 0 1 0 0 0 1 1 1 1 1 1 1 1 0 1 1 1 1 0 1 1 0 1 1 1 0 1 1 a 1 1 1 1 1 2 0 2 2 0 0 1 0 2 2 2 0 2 1 0 2 2 2 0 2 1 1 2 2 2 1 2 1 2 0 2 2 2 1 1 1 0 1 0 2 b 0 2 0 0 1 1 1 0 1 1 1 1 1 1 0 0 a 1 0 0 1 1 1 1 1 1 1 1 1 0 1 1 1 1 1 0 1 1 1 1 0 1 1 0 1 0 0 0 1 1 1 1 1 1 1 1 1 1 1 1 1 1 a 1 1 1 1 1 1 1 1 1 0 1 0 1 0 
1 0 1 0 1 1 1 1 1 1 1 1 0 1 1 1 1 1 0 1 1 1 1 0 1 1 1 1 1 0 1 1 0 1 1 1 a 0 1 1 1 2 2 0 0 1 1 1 1 2 1 1 2 1 0 0 0 2 2 2 2 1 1 0 0 1 2 2 2 2 1 0 2 2 1 2 2 2 1 2 2 0 b 2 1 1 0 1 0 1 1 1 1 1 1 1 0 1 0 a 0 1 1 1 0 1 1 1 1 1 1 1 1 0 1 1 1 1 1 0 1 0 1 0 1 1 1 1 1 1 1 1 1 1 1 0 1 1 1 1 1 1 1 1 1 a 0 1 1 0 1 1 1 1 0 1 1 0 1 1 
1 0 0 1 1 0 1 1 0 0 1 1 1 1 1 1 1 0 0 1 1 1 1 1 1 1 1 1 1 1 0 1 1 0 1 1 a 1 1 1 1 1 1 0 2 1 1 2 2 1 1 1 1 2 1 2 2 2 0 2 1 2 2 2 2 2 0 0 2 2 0 2 0 1 2 1 1 1 1 2 2 2 b 1 2 2 2 2 1 1 1 1 1 1 1 0 1 1 1 a 1 1 1 1 1 1 1 1 1 0 1 1 1 1 1 1 0 1 1 1 1 1 1 1 1 1 1 0 0 0 1 1 1 1 1 1 1 1 1 1 0 1 1 1 1 a 1 1 0 0 0 1 1 1 1 1 1 1 1 1 
1 1 0 1 1 1 0 1 0 1 1 1 1 1 1 0 0 0 1 1 1 1 1 1 1 1 1 1 1 1 1 1 0 0 1 1 a 1 0 1 1 1 2 2 0 2 2 2 1 2 2 1 0 0 2 2 1 1 2 2 2 2 1 2 2 2 2 2 2 1 0 2 2 2 2 2 1 2 1 2 2 1 a 0 1 2 1 2 1 1 1 1 1 0 0 0 1 1 1 a 1 0 1 1 0 1 1 1 1 1 1 1 1 1 1 1 1 1 1 1 1 1 1 1 1 1 1 1 0 1 1 1 0 1 1 1 1 1 1 1 0 1 1 0 1 a 1 0 1 0 0 1 0 0 1 1 1 0 1 1 
1 1 1 1 1 1 0 1 1 0 1 0 1 1 1 1 1 1 1 0 1 1 1 1 1 1 1 1 0 1 1 1 1 0 1 1 a 1 1 1 0 2 0 1 0 2 2 1 1 2 2 2 0 2 2 1 0 2 2 2 2 2 2 2 1 2 2 0 2 2 2 0 2 1 2 0 0 1 1 2 1 0 a 2 1 2 2 2 0 1 0 1 1 1 0 1 0 1 1 a 1 1 0 1 0 1 0 1 0 1 1 1 1 1 1 1 1 1 1 1 1 1 1 1 1 1 1 1 0 1 1 1 1 1 1 0 1 1 1 1 0 1 1 0 1 a 1 0 1 0 1 1 1 1 1 1 1 1 1 1 
1 1 1 1 1 1 1 1 1 0 1 0 1 1 1 1 0 1 1 0 1 1 1 1 1 0 1 1 1 1 1 0 0 1 1 1 a 1 0 0 1 1 0 1 2 2 2 1 2 1 1 2 1 1 2 0 1 2 0 2 2 0 2 2 2 1 0 2 1 2 2 1 1 2 1 1 1 1 2 1 2 1 a 1 2 0 2 2 1 1 1 1 0 1 1 0 1 1 1 a 1 1 0 1 0 0 1 1 1 1 0 1 1 1 1 1 1 1 1 0 0 1 1 1 1 0 1 1 1 0 1 1 1 1 1 1 1 1 0 0 1 1 1 1 1 a 1 0 1 1 1 1 1 1 0 1 1 1 0 1 
1 1 1 1 1 1 1 1 1 0 1 0 1 0 1 1 1 1 1 1 0 1 1 1 1 0 1 1 1 1 1 1 1 1 1 0 a 1 1 1 1 2 2 0 1 1 1 2 2 0 1 1 0 1 2 0 1 2 0 1 0 1 2 2 2 2 0 1 1 0 0 1 0 1 1 2 1 1 1 1 1 2 a 2 0 0 0 0 1 0 1 1 1 1 1 1 1 1 1 a 1 1 1 1 0 1 0 1 1 1 1 0 1 1 1 1 1 1 0 1 0 0 1 1 1 1 1 0 1 1 1 1 1 0 1 1 1 1 1 0 0 1 0 1 0 a 1 1 1 1 1 1 1 1 0 0 1 1 1 1 
1 1 1 1 1 1 1 1 1 1 1 1 1 1 1 1 1 1 0 1 0 1 1 1 1 1 1 1 1 1 0 1 0 1 1 1 a 0 0 1 1 0 1 2 1 2 0 1 2 1 0 1 1 1 2 1 2 2 2 0 2 2 0 2 2 2 1 2 0 2 2 2 1 1 1 0 2 0 0 2 2 0 b 2 1 2 0 1 0 0 1 1 0 0 0 0 0 1 0 a 1 1 1 1 1 1 1 1 1 1 0 0 1 1 1 1 1 1 1 0 1 1 1 0 1 1 0 1 0 1 1 0 0 1 1 1 0 1 1 1 1 0 1 1 0 a 0 0 0 0 1 0 1 0 1 1 1 1 1 1 
1 0 1 1 0 1 1 0 1 1 0 0 1 1 1 1 1 1 0 1 0 1 1 1 1 1 1 1 1 1 1 1 1 1 0 1 a 1 1 1 1 2 1 1 1 1 1 1 1 1 1 0 1 2 0 2 1 1 2 1 2 0 2 1 2 2 2 2 2 0 2 2 0 2 2 2 2 1 2 2 2 1 a 2 0 1 2 2 1 1 1 0 1 1 0 1 1 1 1 a 1 0 1 1 1 1 1 1 1 1 1 1 0 0 1 1 1 1 1 1 0 0 1 0 1 1 1 0 1 1 1 1 0 1 1 1 1 1 1 1 1 1 0 1 1 a 0 1 1 1 1 1 1 0 1 1 1 1 1 1 
1 1 1 1 1 1 1 1 1 0 1 0 1 1 1 1 1 1 1 1 1 1 1 1 0 1 1 1 1 1 1 1 0 1 1 0 a 1 1 1 1 1 1 0 2 0 1 1 1 1 1 1 2 0 2 2 0 2 2 2 1 1 1 2 0 1 2 2 2 0 0 2 2 1 2 2 1 2 2 1 1 2 a 1 2 2 2 1 0 1 1 1 1 1 1 1 1 1 1 a 1 1 1 0 1 0 1 1 1 1 1 1 1 1 1 1 1 0 1 1 1 1 1 1 1 1 1 1 1 0 0 0 1 1 1 1 1 1 1 1 0 0 1 0 1 a 0 1 1 1 1 1 1 1 1 1 1 0 1 1 
1 1 0 0 1 1 0 1 0 1 1 1 1 1 0 0 0 1 1 1 1 1 1 1 1 1 1 1 0 1 1 1 1 1 1 1 a 1 1 1 1 1 2 0 1 2 0 2 2 2 2 2 1 1 0 2 1 0 2 2 0 2 1 1 0 0 2 0 1 1 2 0 1 1 2 2 2 2 2 2 1 1 b 1 1 2 1 1 1 1 0 1 0 1 1 0 1 1 0 a 1 1 0 1 0 1 1 1 1 1 1 1 1 1 1 1 0 1 1 1 1 1 1 1 1 1 1 0 1 1 1 1 1 1 1 1 0 0 1 1 0 1 1 1 1 a 0 0 1 1 1 0 0 0 0 1 0 1 1 1 
1 1 1 1 1 1 1 1 1 1 1 1 0 1 1 1 0 1 0 0 1 1 0 1 1 1 1 0 1 1 1 1 1 1 1 1 a 1 0 0 0 2 2 1 1 0 0 1 1 1 0 1 0 2 2 2 1 2 0 1 2 1 2 2 2 1 2 2 2 2 0 2 2 1 0 0 2 0 0 2 0 1 a 0 0 1 0 2 1 1 0 1 1 1 1 1 0 1 0 a 1 1 0 1 0 1 1 1 1 1 1 1 1 1 1 0 1 1 1 1 0 1 0 0 1 1 0 1 1 1 1 1 1 0 1 1 1 1 1 1 1 0 1 1 1 a 1 1 1 1 1 1 1 1 1 0 1 0 1 1 
1 0 0 0 1 1 1 0 1 1 1 1 1 1 1 1 1 0 1 1 1 1 1 1 1 1 1 0 1 1 1 1 0 1 1 0 a 0 1 1 1 0 2 1 0 0 0 2 0 2 1 0 0 1 0 0 2 2 2 2 1 1 2 0 1 2 2 2 0 2 0 2 0 1 1 0 0 0 2 2 2 0 b 0 2 0 1 2 1 1 1 0 1 1 0 1 0 1 1 a 1 1 0 1 1 1 1 1 1 1 0 1 1 1 1 1 1 1 1 1 1 1 1 1 0 1 1 1 0 1 1 0 1 1 1 1 1 0 0 1 1 1 1 1 0 a 1 1 0 0 1 0 1 0 1 1 1 1 1 0 
1 0 1 1 1 1 1 0 1 1 1 1 1 1 1 1 1 1 1 0 1 1 1 1 0 0 1 0 1 1 1 1 1 1 1 1 a 1 1 1 1 1 1 0 0 2 1 0 1 0 2 1 2 2 1 1 0 2 0 1 2 2 0 0 1 1 0 2 0 2 1 2 2 1 2 2 1 1 1 1 1 1 a 0 1 1 0 2 1 0 0 1 1 1 1 1 1 1 0 a 1 1 1 1 1 1 1 1 1 1 1 1 1 1 1 0 1 1 0 0 1 1 1 1 1 0 0 1 1 1 1 0 1 1 1 0 1 1 0 1 1 1 1 0 1 a 0 1 0 1 0 1 1 1 1 1 1 1 1 1 
1 1 1 1 0 1 0 0 0 1 1 0 0 1 1 1 0 1 1 1 0 1 1 0 1 1 1 1 1 1 1 1 0 1 1 1 a 1 0 1 1 2 1 0 1 2 2 1 1 1 2 2 1 0 0 0 1 1 2 1 2 1 2 1 1 2 0 2 2 1 2 2 1 1 1 1 1 0 1 1 1 0 a 1 0 1 0 1 1 1 1 1 1 1 1 1 1 1 1 a 0 1 1 0 1 1 1 1 1 0 0 1 0 0 1 1 1 1 1 1 1 1 1 1 1 1 1 1 0 1 1 1 1 1 1 1 1 1 1 1 0 1 1 0 1 a 1 1 1 1 1 0 1 1 1 1 1 1 1 0 
1 1 0 1 1 1 1 1 1 0 1 1 1 1 0 1 1 1 0 1 0 0 1 1 1 0 1 0 0 1 1 1 0 1 1 0 a 1 1 0 1 2 1 1 2 1 0 1 2 0 0 2 2 0 0 2 2 0 0 2 2 2 1 2 0 1 0 1 2 1 1 2 1 1 0 1 0 0 0 1 1 1 a 1 1 1 1 0 1 1 0 1 1 1 1 0 1 1 1 a 1 1 1 1 1 1 1 1 1 1 1 1 1 1 1 1 1 1 1 1 1 1 1 0 1 0 1 1 1 1 1 1 1 1 1 0 0 1 1 1 1 1 1 1 1 a 1 1 1 1 1 0 1 1 1 1 1 1 1 0 
0 1 1 1 1 1 1 1 1 1 1 1 1 0 1 1 1 1 1 0 1 1 1 1 0 1 1 1 0 0 1 1 1 1 1 1 a 1 1 1 0 0 0 1 2 0 2 2 1 1 1 2 2 2 1 1 2 1 2 1 1 2 1 0 2 2 2 1 2 2 1 1 1 1 0 1 1 0 1 1 1 1 a 1 0 1 1 0 1 0 1 1 1 1 1 1 0 1 1 a 1 1 1 1 1 0 1 0 1 0 1 1 1 1 1 0 1 1 1 1 1 1 1 1 1 0 1 1 1 1 1 1 1 1 0 1 1 1 1 0 1 1 0 1 1 a 0 0 0 1 1 1 1 1 1 1 1 1 1 0 
1 1 1 1 1 1 0 1 0 1 0 0 0 0 0 1 1 0 1 1 0 1 0 1 1 0 1 1 1 1 1 1 0 0 1 1 a 1 0 1 1 2 1 1 2 2 0 0 2 1 0 1 0 2 1 1 1 0 0 2 0 1 1 2 1 0 0 0 2 2 1 0 1 1 1 1 0 1 0 1 1 1 a 1 1 1 0 0 1 1 1 0 1 1 1 1 1 1 1 a 1 1 0 1 1 1 1 1 1 1 1 1 1 0 1 1 1 1 1 1 1 0 1 0 1 1 1 1 0 1 0 1 1 1 0 1 1 1 0 1 0 1 0 1 0 a 1 1 1 0 1 1 1 1 1 1 0 1 0 1 
