start
goal
15 39
110 144
33 135
67 41
31 0
69 74
6 32
76 6
1 1 1 0 0 1 1 1 1 1 1 1 1 1 1 0 1 2 2 1 1 0 1 2 2 2 2 1 1 2 1 2 1 2 2 1 2 2 2 2 2 2 0 0 0 2 2 2 1 2 2 2 2 2 0 1 1 0 1 0 0 0 1 1 1 0 1 1 1 1 1 1 1 0 1 0 1 1 0 1 1 1 0 1 1 1 0 1 1 1 1 0 0 0 1 1 1 1 0 1 1 0 1 0 0 1 0 1 1 1 0 1 1 1 1 1 1 1 1 1 0 1 1 1 1 1 1 1 1 1 0 1 1 1 1 1 1 1 0 1 1 1 1 0 1 1 1 1 1 1 1 1 1 1 1 0 0 1 1 0 
1 1 0 1 0 1 1 1 1 0 1 1 1 1 1 1 1 2 1 2 0 1 2 2 1 2 2 2 2 2 1 2 2 2 2 2 2 2 2 2 1 2 2 1 1 2 2 0 2 0 0 1 0 1 1 1 0 1 0 1 1 0 1 1 1 1 1 1 1 0 1 1 0 1 0 1 1 1 1 1 0 1 0 1 1 1 1 0 1 1 0 1 0 1 1 1 0 1 1 1 1 1 1 1 1 1 1 0 1 1 1 1 1 0 0 1 1 1 1 1 1 1 1 1 1 1 1 1 0 1 1 0 1 1 1 1 0 1 1 1 1 1 1 0 1 1 0 1 1 0 1 0 1 1 1 1 1 1 1 1 
0 1 1 0 1 1 1 1 0 1 1 1 0 0 1 1 1 2 1 0 1 1 1 1 2 0 2 2 0 2 0 2 1 0 2 2 2 1 0 1 2 2 0 0 2 2 2 2 2 1 1 1 1 2 0 1 0 1 0 1 1 1 1 1 1 1 1 1 1 1 1 1 1 1 1 0 0 1 1 1 1 0 0 1 1 1 0 1 0 0 1 0 1 1 0 0 1 1 1 0 1 1 1 1 0 1 0 1 1 1 1 1 0 1 1 1 1 1 1 1 1 1 1 1 1 1 1 0 1 1 1 1 1 1 1 0 1 1 1 1 0 1 0 1 1 1 1 0 0 1 0 0 1 1 0 0 1 0 1 1 
1 0 1 0 1 1 1 1 1 0 1 1 1 1 1 1 1 1 1 2 2 1 0 2 1 2 2 0 2 1 2 2 2 2 2 2 2 2 2 2 2 0 0 2 2 2 2 1 2 1 2 2 0 2 1 1 1 1 1 1 1 0 0 0 1 1 1 1 1 1 1 1 1 1 1 0 1 1 1 0 1 1 1 1 1 1 1 1 1 1 1 1 1 0 1 1 1 1 1 1 0 0 1 1 1 1 1 1 1 1 1 1 1 1 1 0 1 0 0 0 1 1 1 1 1 1 1 1 1 1 1 0 0 0 1 1 1 1 0 1 1 1 1 1 0 1 1 1 1 0 1 0 1 0 0 0 1 0 1 1 
1 1 0 0 1 1 1 1 1 1 1 0 0 1 1 1 1 0 0 1 0 0 2 1 0 2 2 1 0 2 2 2 1 2 1 2 1 0 2 2 2 2 0 2 2 2 2 0 0 0 0 0 1 1 2 1 0 1 1 1 1 1 1 1 1 1 1 1 1 1 1 1 1 1 1 1 1 1 1 1 1 1 1 1 1 1 1 1 1 1 1 0 1 0 1 0 0 1 1 1 1 1 1 1 0 1 1 1 0 0 1 1 1 1 1 0 1 1 1 1 1 1 1 0 0 1 1 1 1 1 1 0 1 1 1 1 1 1 1 1 1 1 1 1 0 1 1 1 1 1 1 1 1 1 1 1 1 1 0 1 
0 1 0 1 0 1 1 0 1 1 0 1 0 1 1 1 1 1 2 2 2 2 1 0 2 2 2 2 1 2 1 2 2 1 1 2 2 1 0 2 2 2 0 2 0 2 2 0 1 1 0 0 2 2 1 1 1 1 1 1 1 1 1 1 1 0 0 0 1 1 0 0 0 1 1 0 1 1 1 1 1 1 1 1 1 1 1 1 0 1 1 1 1 1 1 1 1 1 1 1 1 1 1 1 1 1 1 0 1 1 1 1 1 1 0 1 0 0 1 1 1 0 1 1 0 1 1 1 1 1 1 1 1 1 1 1 1 1 1 0 1 1 1 1 1 1 1 1 1 1 0 1 1 0 0 1 1 1 1 0 
1 0 1 0 1 1 1 1 1 1 1 0 1 1 1 0 1 1 2 2 2 1 1 2 2 2 2 2 2 2 0 2 0 0 2 2 2 2 0 1 2 1 2 2 2 2 0 2 1 1 2 1 1 1 1 1 1 1 1 1 0 1 0 1 0 1 1 1 1 1 1 1 0 0 1 1 1 1 0 1 1 1 1 1 1 1 1 1 0 1 0 1 1 1 1 0 1 1 1 1 1 1 0 1 1 1 0 1 1 1 1 1 1 1 1 1 1 1 1 0 1 1 1 1 1 1 1 1 1 1 1 1 1 1 1 1 0 1 1 1 1 1 1 1 1 1 1 1 0 1 0 1 1 1 1 1 1 1 1 1 
1 1 0 1 0 1 1 0 1 1 1 0 1 1 1 1 1 0 0 1 1 2 2 1 2 2 0 2 2 2 1 0 0 2 0 2 2 0 2 0 2 2 2 2 0 2 2 2 0 2 1 2 0 1 1 1 0 1 1 0 1 1 1 1 0 1 1 1 1 1 0 1 1 1 0 0 1 1 1 0 1 1 1 1 0 1 0 1 1 1 1 0 1 0 1 1 1 0 1 1 1 1 1 0 1 1 0 1 1 0 1 0 1 1 1 1 1 1 1 1 1 1 0 1 0 1 1 1 0 1 1 1 1 1 1 1 1 1 1 1 1 0 1 1 1 1 1 1 1 1 1 0 1 1 0 1 1 1 1 1 
1 0 1 1 1 1 1 1 1 0 1 1 1 1 1 1 1 0 1 2 1 1 2 2 2 2 2 2 0 0 2 2 1 0 0 2 2 0 2 2 2 1 1 2 2 2 2 2 0 2 1 1 2 0 2 1 1 1 0 1 1 0 1 0 1 1 1 1 1 1 1 1 1 1 1 1 1 1 1 1 1 0 1 0 0 1 0 1 1 1 1 1 1 1 1 1 1 1 1 1 0 1 1 1 1 1 1 0 1 0 1 1 1 1 1 1 1 1 1 1 1 0 0 0 0 0 0 0 1 1 1 0 1 1 1 0 1 1 1 1 1 1 1 1 0 1 1 1 0 1 1 1 1 1 1 1 1 1 1 0 
1 1 1 1 1 1 1 0 1 1 1 1 1 1 1 1 1 2 2 2 0 2 0 1 2 2 2 2 2 2 1 2 2 2 2 2 1 2 0 2 2 2 2 2 1 1 2 1 0 1 2 2 1 2 2 0 0 1 1 1 0 1 1 1 1 1 1 0 1 1 0 1 1 1 1 1 1 1 0 0 1 1 1 1 1 1 1 1 1 1 1 1 1 1 1 1 1 1 0 1 1 1 1 1 1 1 1 1 1 1 1 1 1 1 1 1 1 1 1 1 1 0 0 0 1 1 1 1 1 0 1 1 0 1 1 1 1 1 0 1 1 1 1 1 1 1 1 1 1 1 1 0 0 1 1 1 1 1 1 1 
0 1 1 1 1 1 1 1 1 0 0 1 1 0 1 1 1 2 0 1 0 1 1 2 2 0 2 0 2 0 2 1 0 2 2 1 2 2 0 2 2 2 0 0 2 2 2 2 1 1 2 2 1 1 1 1 1 0 0 0 0 1 1 1 1 0 1 1 1 1 1 1 1 0 1 1 0 1 1 1 1 1 0 1 1 0 1 1 0 1 1 1 1 1 1 1 1 1 1 1 1 1 1 1 1 1 1 1 1 1 1 1 1 1 1 1 1 0 0 0 1 1 1 1 1 1 1 1 1 1 1 1 1 1 1 1 1 1 1 1 1 1 1 1 1 1 1 1 0 1 1 1 1 1 1 1 1 1 1 1 
1 1 0 1 1 1 1 1 1 1 1 1 0 1 1 1 1 1 2 1 0 1 2 2 2 2 1 2 2 2 2 1 1 0 1 1 2 2 0 0 1 2 0 2 1 2 2 1 2 2 2 2 2 1 0 1 1 1 1 0 1 0 1 1 0 1 1 1 1 1 1 0 1 1 1 1 1 1 1 1 1 1 0 1 1 1 0 1 1 1 1 0 1 1 1 0 1 1 1 1 1 1 1 0 1 1 1 1 1 1 1 0 1 1 1 1 0 1 0 1 1 1 1 1 1 1 1 0 1 1 0 1 0 1 1 1 1 1 0 1 1 1 1 1 1 1 1 1 1 1 1 1 1 0 1 1 1 1 1 1 
0 1 0 1 1 1 1 1 0 1 1 1 1 1 1 0 1 0 1 2 0 2 1 2 2 0 2 0 1 2 2 2 0 0 2 1 1 2 1 2 2 1 0 0 2 0 2 2 2 1 0 2 1 1 1 1 1 0 1 1 1 1 1 1 1 1 1 0 1 1 1 1 1 1 1 1 1 0 1 1 1 1 1 1 0 1 1 1 1 1 1 1 1 1 1 1 1 1 0 1 1 1 0 1 1 0 1 0 1 0 1 1 0 0 1 1 1 1 1 1 1 1 1 1 1 1 0 1 1 1 1 0 0 0 1 1 1 1 1 1 1 0 1 0 1 0 1 0 1 1 1 0 0 0 0 0 1 1 1 1 
1 1 1 1 1 0 1 1 1 0 0 1 1 1 1 1 1 1 1 2 1 1 2 0 1 1 2 2 2 0 2 2 2 0 2 1 1 2 2 1 2 0 2 2 2 2 0 1 1 1 1 2 2 0 0 0 1 1 1 1 1 1 1 1 1 0 1 0 1 1 0 0 0 0 1 1 1 1 1 1 0 1 1 1 1 0 1 1 1 1 1 1 1 1 1 1 1 1 1 1 1 1 1 1 1 1 1 1 0 1 1 0 1 1 0 1 1 1 1 1 0 1 1 1 0 1 1 1 1 1 1 1 1 1 1 0 0 1 1 1 0 0 1 1 1 1 0 1 1 1 1 1 1 0 1 1 1 1 1 0 
0 1 1 1 0 1 0 1 1 1 1 1 1 1 1 1 1 1 2 2 2 1 1 1 2 2 2 2 1 0 1 1 0 2 0 2 0 2 0 2 2 1 0 1 2 1 2 2 2 2 0 2 0 0 2 0 1 1 1 1 1 1 0 1 0 1 0 0 1 1 1 1 1 1 1 1 0 1 1 1 1 1 1 1 1 0 0 1 0 1 1 0 0 1 1 1 1 1 1 1 1 1 1 1 1 1 1 1 1 1 1 0 1 0 1 0 1 1 1 1 1 1 0 1 1 1 1 0 1 1 1 0 1 1 1 1 0 1 1 1 0 0 1 1 1 0 1 1 1 1 1 1 1 0 1 1 1 1 0 1 
0 1 1 1 1 0 1 0 0 1 1 0 1 1 1 0 0 1 2 1 1 1 2 2 2 0 1 1 2 2 0 2 2 2 1 2 2 1 1 2 1 0 0 2 2 0 1 2 2 1 0 2 1 1 2 1 1 1 1 1 1 1 1 1 1 1 1 1 1 1 1 1 1 1 1 1 1 1 1 0 1 1 1 1 1 1 1 1 1 0 1 1 1 1 1 1 1 0 1 0 1 1 1 0 0 1 1 1 1 1 0 1 1 1 1 1 1 1 0 1 0 1 1 1 0 0 1 1 1 1 1 0 1 1 1 1 0 1 1 1 1 1 1 1 1 0 1 0 1 0 0 1 1 1 0 1 1 1 0 1 
2 2 1 1 1 1 2 2 2 2 2 1 1 2 2 2 1 0 2 1 1 2 0 2 1 2 0 2 2 1 1 0 1 0 2 0 2 2 2 0 2 2 2 2 2 0 2 0 2 1 2 2 0 1 2 1 0 1 1 1 0 1 0 1 0 0 1 0 1 1 0 1 0 1 0 1 1 0 1 0 1 1 0 1 1 1 1 1 1 1 1 1 1 1 1 1 0 0 1 1 1 1 1 0 1 1 1 1 1 1 1 1 1 1 1 1 1 1 1 1 1 1 1 1 1 1 1 1 1 0 1 1 1 1 0 1 1 1 1 1 1 1 0 0 1 0 1 1 1 1 1 1 1 0 1 1 0 1 0 1 
1 1 2 1 0 1 1 1 1 1 0 1 2 2 1 0 1 1 1 0 1 0 2 2 2 2 0 2 2 2 2 2 0 2 2 2 0 1 0 0 0 2 2 2 2 0 2 2 2 0 1 1 2 1 2 0 1 0 0 1 1 1 0 0 0 1 1 1 0 1 1 1 1 1 1 1 1 1 1 1 1 1 1 0 1 1 1 1 1 0 1 0 1 1 1 1 1 0 1 1 1 1 1 1 1 0 0 0 1 1 0 1 1 1 1 1 1 1 1 1 1 1 1 0 1 0 1 1 1 1 1 1 1 1 1 0 1 1 1 0 1 1 1 1 1 1 1 1 1 1 0 1 1 1 0 1 1 1 1 1 
2 1 2 1 2 2 0 2 2 1 1 2 1 2 1 1 1 1 0 0 0 1 2 0 2 1 2 2 2 2 0 2 0 2 1 2 2 0 2 2 2 2 2 2 2 1 0 2 2 0 1 1 0 2 2 1 1 0 1 1 1 1 1 1 1 1 1 0 1 1 0 1 1 1 1 1 1 0 0 1 1 1 1 0 0 1 1 1 1 1 1 0 0 0 1 1 0 1 1 0 1 1 0 1 1 1 0 1 1 1 1 1 1 1 1 1 1 1 1 1 0 2 2 2 1 2 1 0 1 0 1 1 2 2 2 0 2 1 1 1 2 0 1 1 2 1 2 1 1 2 2 1 0 1 1 1 0 0 0 1 
1 1 0 2 1 1 2 2 0 1 2 0 1 0 0 2 1 2 2 1 2 1 1 2 1 0 2 1 0 2 2 2 1 2 2 1 2 2 2 1 1 2 2 2 2 2 2 2 1 0 2 1 1 1 0 1 1 0 1 1 0 0 1 1 0 1 1 1 1 1 1 1 1 1 1 1 1 1 1 1 0 1 1 0 1 1 1 1 1 1 1 1 0 1 1 1 1 0 1 1 1 1 1 1 1 1 0 1 1 1 1 1 1 1 0 1 1 1 1 1 1 2 2 2 1 2 1 2 2 1 1 0 1 2 0 2 0 1 2 0 2 2 2 1 1 2 0 0 1 1 0 1 1 1 1 0 0 1 1 1 
0 2 1 2 2 1 2 1 0 1 1 2 0 1 1 0 0 2 0 2 0 2 1 1 2 0 2 0 2 0 2 2 1 2 1 2 1 0 2 1 b a b a b b b a a b a b b b a a a a a a 1 1 1 1 0 0 1 1 1 1 1 1 0 1 0 0 1 1 1 1 1 1 1 1 1 1 1 1 1 1 1 1 1 1 1 1 1 1 1 1 1 1 1 1 1 1 0 1 1 1 1 1 1 1 1 0 1 0 0 1 1 0 2 1 1 1 2 1 2 2 1 2 a a a b b b b b b a b a b b b b b a a a 1 0 1 1 1 0 1 0 
0 0 1 2 2 2 2 2 2 1 1 2 1 2 0 2 0 2 0 1 2 1 1 0 2 0 1 0 2 2 2 0 0 2 1 2 2 2 1 1 2 1 2 2 2 2 2 1 1 2 0 2 2 1 2 1 1 1 0 1 1 1 1 1 1 1 0 1 1 1 1 1 1 1 0 0 1 0 0 1 1 1 1 1 1 1 0 1 1 1 1 1 1 1 1 1 1 0 1 1 1 1 1 0 1 1 1 1 1 1 1 1 1 0 1 1 1 1 0 1 2 2 1 1 0 1 1 2 2 1 1 1 0 2 1 2 2 1 2 2 1 2 1 1 0 2 2 1 2 1 1 1 1 1 1 1 1 1 1 1 
0 1 1 1 1 1 1 2 1 1 2 2 2 2 2 0 1 1 1 1 0 1 1 1 1 1 1 0 2 2 2 1 2 1 2 2 2 0 2 2 2 2 2 2 2 2 1 2 2 1 1 2 0 1 0 1 1 1 0 1 1 0 0 1 0 1 1 1 0 1 1 1 1 0 1 1 1 1 1 1 1 1 1 0 1 1 1 0 1 1 1 1 1 1 1 0 1 1 1 1 1 1 1 1 1 1 1 0 0 1 0 1 0 0 1 1 1 0 1 1 1 1 2 2 1 0 1 0 2 1 1 1 2 2 2 1 0 2 0 1 1 0 0 0 1 1 0 2 2 0 1 0 1 1 1 1 1 0 1 1 
1 1 2 1 0 1 1 0 2 2 1 2 0 1 2 1 1 1 1 1 1 1 1 1 0 2 2 0 0 2 1 2 1 2 1 1 2 0 0 2 2 2 1 2 1 1 2 1 0 1 2 0 1 2 1 1 1 1 1 0 0 1 1 1 1 1 1 1 0 1 1 0 1 1 1 1 0 1 0 1 1 1 0 0 1 1 1 1 1 1 1 1 1 1 0 1 1 1 0 1 1 1 1 1 0 1 1 0 1 1 1 1 1 1 1 1 0 1 1 1 1 1 1 0 1 2 0 2 0 1 1 1 2 2 2 0 1 1 1 1 2 1 1 2 0 0 1 1 2 1 1 1 1 1 0 1 1 1 1 1 
2 2 2 1 0 2 2 2 2 0 1 1 0 1 1 2 1 0 1 1 1 1 1 0 2 1 1 0 1 1 0 0 2 2 2 0 2 2 2 0 2 2 1 1 0 0 1 0 1 0 2 1 1 1 1 1 1 1 1 0 1 0 0 1 0 1 1 0 1 1 0 0 1 0 1 1 0 0 0 1 1 1 1 0 1 0 1 1 1 1 1 1 0 1 1 1 1 1 0 1 1 1 1 1 1 1 1 1 1 1 1 1 0 1 1 1 1 1 0 1 1 0 0 1 0 1 0 0 0 1 0 0 2 2 1 2 1 1 2 2 2 1 2 1 2 0 1 1 2 1 2 1 1 1 1 1 1 1 1 1 
2 1 2 0 1 0 1 2 1 1 2 2 0 2 2 2 1 0 1 1 1 0 1 0 2 0 2 0 0 1 0 1 0 2 2 1 1 2 1 2 2 2 2 0 2 0 2 1 2 1 2 2 1 1 2 1 1 1 0 1 1 1 0 1 1 0 1 1 1 0 1 0 1 1 1 1 1 1 1 1 1 0 0 1 1 1 0 1 1 1 1 1 0 1 1 1 0 1 0 1 1 1 1 0 1 1 1 1 1 1 1 1 1 1 1 1 1 1 1 1 0 0 0 0 2 2 2 2 1 2 0 1 0 1 2 1 1 0 2 1 2 2 1 2 1 1 2 0 0 1 2 1 1 1 0 1 1 1 1 1 
2 2 1 2 1 1 2 1 1 1 1 1 0 2 1 2 1 1 1 1 1 1 1 0 2 2 1 0 1 1 1 2 2 1 2 2 2 1 2 2 2 1 1 1 1 1 2 2 2 1 0 0 2 2 0 0 1 1 1 0 1 1 0 1 1 1 1 0 1 0 1 1 1 1 1 1 1 1 0 1 1 1 1 0 1 0 1 0 1 0 1 1 1 1 1 0 1 1 1 0 0 1 1 1 1 1 1 1 1 1 1 1 1 1 1 1 1 1 1 1 1 1 2 2 0 0 1 1 2 1 2 2 2 0 1 0 0 2 1 0 1 0 2 2 1 0 1 1 0 2 0 1 1 1 1 1 1 1 1 1 
2 1 2 2 2 2 1 2 2 2 2 1 1 0 1 1 1 0 1 1 1 1 1 1 1 0 2 1 2 0 1 2 0 1 0 1 2 0 1 2 1 2 0 0 2 0 1 2 1 2 2 2 1 1 2 0 1 1 1 1 1 1 0 1 1 1 1 1 0 1 1 1 1 1 0 1 1 0 1 1 1 1 1 1 1 1 1 1 1 1 1 1 1 1 1 1 0 1 1 0 1 1 1 1 0 1 1 1 1 1 1 0 1 0 1 0 1 1 0 1 2 2 1 0 0 1 2 0 1 0 2 2 1 1 1 1 2 2 2 2 2 0 1 2 2 0 0 1 2 1 0 1 1 0 1 1 1 1 1 0 
1 2 2 1 0 1 2 1 1 1 2 2 2 1 2 2 1 0 1 1 1 0 0 1 1 1 2 2 1 0 0 1 2 1 0 0 2 1 1 1 1 2 1 2 2 1 0 1 1 1 1 0 1 1 0 1 1 1 1 1 1 1 1 1 1 1 1 1 1 1 1 1 1 1 0 1 1 0 1 1 1 1 0 0 1 1 1 1 1 1 1 1 1 1 1 1 0 1 1 0 1 1 1 1 1 1 1 1 1 1 1 1 1 1 1 0 1 1 1 1 1 1 1 0 0 2 2 1 2 2 1 2 1 0 0 2 1 0 1 2 1 2 0 0 1 0 1 1 2 0 1 1 0 1 0 1 1 1 1 0 
1 2 1 1 0 1 0 2 1 1 1 1 0 2 1 1 0 1 0 1 1 1 1 1 1 0 0 2 2 1 2 2 2 2 2 1 2 1 0 1 1 2 1 0 2 1 1 2 2 2 2 1 1 2 2 1 1 1 1 0 1 0 1 1 1 1 1 1 1 1 1 1 1 0 1 1 0 0 0 1 1 0 1 1 1 1 1 1 1 0 1 1 1 0 0 1 1 1 1 1 0 1 1 1 0 1 1 1 1 1 1 1 1 1 1 1 1 1 1 1 0 1 1 1 1 0 2 0 1 1 2 0 1 2 0 0 0 1 1 2 0 2 2 1 1 2 1 2 1 1 1 1 1 0 1 1 1 1 1 1 
2 0 0 1 2 2 2 1 1 0 1 0 0 1 2 1 0 1 1 1 1 1 1 0 2 0 1 2 1 1 2 1 2 0 2 2 1 0 2 1 0 1 2 1 1 2 2 0 1 2 0 2 1 1 1 0 1 1 1 1 1 1 0 1 0 0 0 1 1 1 1 1 1 0 1 1 0 0 1 1 1 1 0 1 0 0 0 0 1 0 0 1 0 1 1 1 1 1 0 1 1 1 1 1 1 1 1 0 1 0 1 1 1 0 1 0 0 1 1 1 1 1 1 1 1 2 1 1 0 2 1 2 2 2 2 1 2 0 0 2 1 2 1 2 1 1 1 1 2 2 0 0 1 0 1 1 0 1 0 1 
2 1 2 1 1 1 1 1 0 1 2 0 0 1 0 1 1 0 1 0 0 0 1 1 1 1 0 1 1 1 1 1 1 1 1 1 1 1 1 0 1 0 1 1 0 1 0 1 1 1 1 1 0 1 1 1 1 1 1 0 0 1 1 1 1 1 1 1 1 0 1 1 1 1 1 1 1 1 1 1 1 0 1 1 1 1 1 1 1 0 1 1 1 1 1 1 0 1 1 1 0 1 0 1 1 1 1 0 1 1 0 0 0 1 1 1 1 1 1 1 1 0 2 2 2 0 2 1 1 1 2 1 1 1 2 1 1 1 1 2 0 2 2 1 1 1 2 0 2 1 1 0 1 1 1 1 0 0 1 1 
0 0 2 2 1 2 1 1 2 2 2 1 0 0 0 1 1 1 1 1 1 1 1 1 1 1 1 1 1 0 0 1 1 0 1 1 1 1 1 1 1 0 1 1 1 1 0 1 1 1 1 0 1 1 1 1 1 1 1 1 1 0 1 1 1 1 1 1 1 1 1 1 1 0 1 1 1 1 1 0 1 0 1 1 0 1 1 1 0 1 1 1 1 1 1 1 1 1 1 1 1 0 0 1 0 1 1 1 1 1 0 1 0 1 1 1 1 0 1 0 2 1 0 2 0 1 0 1 1 1 0 2 1 1 0 2 1 2 1 0 0 2 2 2 1 0 1 1 0 0 0 1 1 1 1 0 0 1 1 1 
1 2 2 1 0 2 1 2 2 0 2 1 1 0 1 2 1 1 1 1 0 0 1 1 1 1 1 0 1 0 0 1 1 1 1 1 1 0 1 1 1 1 1 0 1 1 1 1 1 1 1 1 1 1 0 0 1 1 1 0 0 1 1 1 1 1 1 1 1 1 1 1 1 0 1 1 1 1 0 0 1 0 0 1 1 1 1 1 1 0 1 1 1 1 1 0 1 1 1 1 1 0 1 1 1 1 1 1 1 0 1 1 1 1 1 1 1 1 1 1 1 2 0 2 1 1 2 2 1 1 1 2 0 1 2 0 1 2 1 1 2 2 2 0 1 1 1 1 2 0 0 0 0 1 1 1 1 1 1 1 
2 2 1 2 0 1 0 1 0 2 2 1 2 1 0 2 1 1 1 1 0 1 1 1 0 1 1 1 1 1 1 0 0 1 1 1 1 0 1 1 0 1 1 1 0 1 1 1 0 1 1 0 1 1 1 1 1 0 1 1 1 1 1 1 1 1 1 0 1 0 1 1 0 1 1 1 1 1 0 1 1 1 1 1 1 0 1 0 1 1 0 1 1 1 1 1 1 0 1 1 1 1 1 1 1 0 1 1 1 1 1 1 1 0 1 1 1 1 0 1 2 1 1 2 1 1 1 1 0 2 0 1 0 2 2 1 0 2 2 1 1 1 0 1 2 1 2 2 2 1 0 1 1 1 1 1 0 0 1 1 
2 2 1 1 0 2 1 2 2 1 1 0 2 2 0 2 1 1 1 1 1 1 0 1 0 1 1 1 1 1 1 1 1 1 1 1 1 0 1 1 1 1 1 1 0 0 1 1 1 1 0 1 1 1 1 1 1 1 1 1 1 1 0 1 1 0 1 1 1 1 1 1 0 1 0 1 0 1 1 1 1 1 0 1 1 1 1 1 0 0 0 1 1 1 0 0 1 1 1 1 1 0 1 0 1 1 1 1 1 1 1 1 1 0 1 1 1 1 1 1 1 1 2 0 2 0 0 2 1 0 0 0 2 2 1 0 2 1 2 1 2 0 2 2 2 1 2 2 0 0 2 1 1 1 1 1 1 1 0 1 
2 2 0 2 2 2 2 1 2 2 0 1 0 1 1 1 1 0 1 1 1 1 1 1 1 0 1 1 1 0 1 1 1 1 1 0 1 1 1 1 1 1 0 1 1 0 1 1 1 1 1 1 1 1 0 1 0 1 1 1 1 1 1 0 1 0 1 1 0 1 0 0 1 1 1 1 1 1 1 1 1 1 1 1 1 1 1 1 1 1 0 1 1 0 1 1 1 1 0 1 1 0 1 1 1 1 0 1 1 1 0 1 1 1 1 1 1 0 1 1 2 1 0 2 0 2 1 1 2 2 2 2 1 2 1 1 1 2 1 2 1 1 0 2 2 1 2 1 2 2 1 1 1 1 1 1 1 1 1 0 
2 1 2 1 2 2 1 0 2 1 1 0 2 2 0 1 1 0 1 1 1 1 1 1 1 1 0 1 1 0 1 1 1 0 1 1 1 1 0 1 0 1 1 1 0 1 1 1 1 1 1 1 1 0 0 1 0 1 0 1 1 1 0 1 1 1 1 1 1 1 1 1 1 1 1 1 1 1 1 0 1 1 1 1 1 1 0 1 1 1 1 1 1 1 1 1 1 1 1 1 0 0 1 1 0 0 1 1 0 0 1 1 1 1 0 1 1 0 1 1 1 1 1 2 0 0 1 1 1 2 1 2 1 1 2 2 2 2 0 2 1 1 0 1 1 0 2 1 0 2 2 0 0 1 1 0 1 1 0 1 
1 2 1 2 0 1 1 1 2 2 2 0 0 2 2 2 1 0 0 1 1 1 1 1 1 1 1 0 1 1 1 1 0 1 1 1 0 1 1 1 1 1 0 1 1 1 0 1 1 0 0 1 0 1 1 0 1 0 0 1 1 0 1 1 0 1 1 0 1 0 1 1 1 0 1 1 0 1 0 1 0 1 1 1 1 1 1 1 0 0 1 1 1 1 1 1 1 0 1 1 0 1 1 1 1 1 1 1 1 1 1 1 1 1 0 1 1 0 1 1 2 1 1 1 2 0 2 0 2 2 1 1 1 1 1 2 0 2 2 1 0 0 1 1 2 0 2 2 1 2 0 1 1 1 1 0 1 1 0 1 
1 2 0 2 1 2 2 2 2 0 1 1 2 2 1 2 1 1 1 0 1 1 1 1 1 1 1 0 0 1 1 1 1 1 0 1 1 1 1 1 1 1 1 1 0 1 1 1 1 0 1 1 0 1 1 1 1 1 0 0 1 1 0 1 1 1 0 1 1 1 1 0 1 1 1 1 0 1 1 1 1 0 1 1 1 1 1 1 1 1 0 0 1 1 1 1 1 0 0 1 1 1 1 0 1 0 0 1 1 1 0 1 1 1 1 1 0 1 1 1 2 0 2 1 1 1 0 1 2 2 1 2 2 2 1 2 1 1 1 0 1 2 0 2 2 1 1 2 2 0 1 1 1 1 1 1 0 1 1 1 
1 1 2 0 2 1 1 1 2 2 2 1 1 2 1 2 1 1 1 1 0 1 1 1 1 0 1 1 0 0 1 1 0 1 0 1 1 1 1 1 1 1 1 1 1 0 1 1 1 0 1 1 1 1 1 1 1 1 0 1 0 1 1 1 1 1 1 1 1 1 1 1 1 1 0 1 1 0 0 1 1 1 1 0 1 0 1 1 1 1 1 1 1 1 0 0 1 1 1 1 0 1 0 1 1 1 1 0 1 1 1 1 1 1 1 1 1 1 1 1 0 2 0 2 2 1 2 0 0 0 2 1 1 2 2 1 1 0 2 2 1 1 2 2 2 1 2 2 1 2 1 0 1 1 1 1 1 1 1 0 
2 1 2 0 1 2 0 0 2 0 0 1 1 1 1 1 1 1 1 1 1 0 1 1 1 1 0 1 1 1 1 1 1 1 1 1 1 1 1 1 0 1 1 1 0 1 1 1 1 1 1 1 1 0 1 1 1 1 1 1 1 1 1 1 1 1 1 0 1 1 0 1 0 1 1 1 1 1 1 1 1 1 1 1 1 0 0 1 1 1 0 0 1 1 1 1 1 0 1 1 1 1 1 0 1 1 1 1 1 0 1 1 0 1 1 0 1 1 1 1 1 1 2 0 1 2 1 2 2 1 1 2 2 2 1 2 1 2 2 0 1 1 1 0 1 1 1 2 1 1 1 1 1 1 1 1 0 1 0 0 
1 0 1 0 1 1 2 1 2 2 2 1 1 2 0 2 0 1 1 1 1 1 1 1 1 1 1 1 1 1 1 1 1 1 1 0 1 1 1 1 1 0 0 1 0 1 0 1 0 1 1 0 0 1 0 1 1 1 0 1 1 0 0 1 0 1 0 1 1 0 1 1 1 1 1 1 1 1 1 1 1 1 0 1 0 1 1 1 1 1 1 1 1 0 1 1 1 1 1 1 0 1 1 1 1 1 1 1 0 0 1 1 1 1 1 1 1 1 1 1 2 0 2 1 0 2 2 2 2 2 0 1 2 1 1 1 1 1 0 2 2 1 2 2 2 2 0 2 1 2 2 0 1 1 1 1 1 1 0 1 
2 2 1 1 0 1 2 1 1 1 2 1 2 0 0 2 1 1 0 1 1 1 1 1 1 1 1 0 1 0 0 1 1 1 1 1 1 0 1 1 1 1 1 1 1 1 0 1 1 0 1 1 1 0 1 1 1 1 1 1 1 1 1 0 1 1 1 0 1 0 0 1 1 1 1 0 1 1 1 1 1 1 1 1 0 0 1 1 1 0 0 1 1 1 1 1 1 1 1 1 1 1 1 1 1 1 1 0 1 1 0 1 1 1 1 1 0 1 0 1 0 1 2 1 1 2 1 1 1 0 0 1 1 2 0 2 0 2 0 0 1 2 2 2 1 1 1 1 0 2 2 1 1 1 1 1 1 1 1 1 
1 0 2 2 0 2 2 1 1 2 0 2 1 2 2 1 1 1 1 1 1 1 1 0 1 0 1 0 1 1 0 0 0 1 1 0 1 1 1 1 1 1 1 0 0 1 1 1 1 1 1 1 1 1 1 1 1 0 0 1 1 1 1 1 1 1 1 1 0 1 0 1 1 1 1 1 1 1 1 0 1 1 1 1 1 1 1 0 1 1 1 1 1 1 1 1 1 0 1 1 1 0 1 1 1 0 1 1 1 1 1 1 0 0 1 1 1 1 1 1 2 0 1 2 2 2 2 2 1 2 2 2 2 1 1 0 1 2 2 1 1 1 2 0 1 1 1 1 2 2 2 1 0 1 1 1 0 1 1 1 
1 2 2 2 0 1 0 2 2 2 0 2 2 2 1 0 1 1 1 1 1 0 1 1 1 1 1 1 1 1 1 1 1 1 1 1 1 1 1 1 1 0 1 1 1 1 1 1 0 1 1 1 1 1 1 1 1 1 1 1 1 1 1 1 1 0 1 0 0 1 0 1 1 0 1 1 0 1 0 1 0 0 1 1 1 1 1 1 1 1 1 1 1 1 1 1 1 1 1 1 1 1 0 1 1 1 0 1 1 1 0 1 1 1 0 1 1 1 1 1 1 1 2 2 1 1 2 1 1 0 1 2 1 1 0 0 0 1 1 0 2 0 1 2 1 1 0 1 1 1 0 1 1 0 1 1 0 1 1 1 
2 1 1 2 2 2 2 1 1 2 2 1 1 1 0 2 1 0 0 0 1 1 1 1 1 1 1 1 1 1 1 1 1 0 0 1 1 1 1 1 0 1 1 0 1 0 1 1 1 1 1 1 1 1 0 1 1 1 1 1 1 1 1 1 1 1 1 1 1 1 1 1 1 1 1 1 1 0 0 1 0 0 1 1 1 0 1 1 1 1 1 1 1 1 1 1 1 1 1 1 1 1 1 1 0 1 1 1 1 1 0 1 0 0 1 0 1 1 1 1 1 1 2 2 1 2 2 2 2 1 2 2 0 2 0 2 2 2 2 1 0 2 2 1 1 0 0 0 1 1 0 1 1 0 1 1 1 1 1 1 
1 0 1 1 1 1 1 1 0 1 1 1 1 1 1 1 1 0 1 1 1 1 1 1 1 1 1 0 1 0 1 1 0 0 1 1 1 1 1 1 1 1 1 0 1 0 1 1 1 1 1 1 1 1 1 1 1 0 1 0 1 1 1 1 1 1 1 0 1 0 1 1 1 1 1 1 1 1 1 1 1 0 0 1 0 1 1 1 0 1 1 1 1 1 1 1 0 0 1 1 1 0 1 1 1 1 0 1 1 0 1 1 1 1 1 0 1 0 1 1 2 0 2 2 1 0 2 0 0 2 1 1 0 2 2 2 0 0 2 2 2 2 1 2 2 1 0 2 1 2 2 1 1 0 0 1 1 0 1 1 
1 1 1 1 1 1 1 1 1 0 1 1 1 1 1 1 1 0 1 1 1 1 1 1 1 1 1 1 1 1 1 0 1 1 1 0 1 1 1 1 1 0 1 1 1 1 1 1 0 1 1 1 1 1 1 1 0 1 1 1 1 0 0 1 1 1 0 1 1 1 1 1 1 1 1 0 1 1 1 1 1 1 1 0 0 1 1 1 1 1 1 0 1 1 0 1 1 1 0 0 1 1 1 0 1 1 0 1 1 0 1 1 0 1 1 0 1 1 0 1 2 1 1 2 2 1 0 0 1 1 2 2 0 1 1 1 1 2 2 0 1 2 2 1 2 2 2 1 2 2 1 1 1 1 1 1 1 0 0 0 
1 1 1 0 1 0 0 1 1 1 1 0 0 1 1 1 0 1 0 1 1 1 1 1 1 1 1 1 1 1 0 1 1 1 0 1 1 1 1 1 1 1 0 1 1 1 1 1 1 1 1 0 1 1 1 1 1 0 0 1 0 1 1 1 1 1 1 1 1 1 1 1 1 0 0 1 1 1 0 1 1 1 1 0 0 1 1 0 1 1 1 1 1 1 1 1 0 1 1 0 1 1 1 1 0 1 1 0 1 1 1 1 1 1 1 0 1 1 1 0 0 1 1 1 1 1 0 1 1 1 1 1 1 1 1 0 1 1 1 1 1 0 0 1 1 1 1 0 1 1 1 1 0 1 0 1 1 0 1 1 
1 1 1 1 1 1 1 1 1 0 1 1 1 1 1 1 0 1 1 0 1 1 1 1 0 1 0 1 1 1 1 1 1 0 1 0 1 0 0 1 1 1 0 1 1 1 1 1 1 1 1 1 1 0 1 1 1 1 1 1 1 1 1 1 1 1 1 1 1 1 1 1 1 1 1 1 0 1 1 1 0 1 1 1 1 1 0 1 1 1 1 1 0 1 1 0 1 1 1 1 1 1 1 1 0 0 1 1 1 1 1 0 1 0 1 1 1 1 0 1 0 0 1 1 1 0 0 1 0 1 1 1 0 1 1 1 1 0 1 a 1 1 1 1 1 1 1 0 1 1 1 1 1 1 1 1 1 1 0 1 
1 1 1 1 1 1 1 0 1 1 0 1 1 0 1 1 1 1 0 1 1 1 1 0 1 0 0 1 0 1 1 0 0 1 1 1 0 1 1 1 0 1 1 1 0 1 1 1 1 1 1 1 1 1 0 1 1 0 1 1 1 1 1 1 1 1 0 1 0 1 1 1 1 1 1 0 1 1 1 1 1 0 1 1 1 1 1 1 1 1 0 0 1 1 1 1 1 1 1 1 0 0 1 1 1 1 0 0 1 1 1 1 1 1 1 1 0 1 1 0 1 0 0 0 1 1 1 1 1 1 0 1 1 1 1 1 1 1 1 a 1 1 1 0 1 0 1 1 1 1 1 1 1 1 1 1 1 1 1 1 
1 0 1 1 1 1 1 1 1 1 1 1 1 1 1 1 1 1 1 1 1 1 0 1 1 1 2 2 2 1 1 2 1 2 2 1 2 2 1 0 2 1 1 1 2 2 1 0 0 2 1 0 0 0 2 1 0 1 0 1 0 1 1 1 1 1 1 1 0 0 1 0 1 1 1 1 1 1 1 0 0 1 1 1 1 1 1 1 0 0 1 1 1 1 1 1 0 1 1 1 1 1 0 1 1 1 0 0 1 1 1 0 0 1 0 1 1 1 0 0 1 1 0 1 1 1 1 1 0 1 1 1 1 1 1 1 1 1 1 a 1 1 1 0 1 1 1 1 1 1 1 1 1 1 1 1 1 1 1 0 
0 0 1 1 1 1 1 1 1 1 0 1 0 0 1 1 1 0 1 1 1 1 1 1 1 1 2 1 1 2 2 1 2 0 0 1 0 1 1 2 1 2 1 1 0 1 2 1 1 1 0 1 2 0 1 0 1 1 0 1 1 1 0 1 1 1 1 1 1 1 1 0 1 1 0 1 1 1 1 1 1 1 1 1 1 1 1 1 1 1 1 1 0 1 1 1 1 1 1 1 1 0 1 1 0 1 1 1 1 1 1 1 1 1 1 1 1 1 1 1 1 1 0 1 1 1 1 1 0 1 1 0 1 1 0 1 0 0 1 a 1 0 0 1 1 1 1 1 1 1 1 1 1 1 1 1 1 1 0 1 
1 1 1 1 1 0 0 0 0 0 0 1 1 0 1 1 1 1 0 1 1 1 1 0 0 1 1 1 1 2 2 0 0 1 2 2 0 1 1 1 1 2 2 1 0 1 0 1 2 0 0 1 0 1 0 2 2 1 1 1 1 1 1 2 2 1 2 2 0 0 2 2 2 1 1 1 0 1 2 1 1 0 2 1 2 0 2 2 2 2 1 1 1 1 1 1 1 1 1 1 0 1 0 1 1 1 1 1 1 1 1 1 1 0 1 1 1 1 0 1 1 1 1 1 1 0 0 1 1 1 1 1 1 1 0 1 1 1 1 a 1 0 1 1 1 1 0 0 1 1 0 1 1 0 1 0 1 1 1 1 
1 1 1 1 1 1 1 1 0 1 0 1 1 1 1 0 0 1 1 1 1 1 1 1 1 1 1 1 2 2 2 2 1 2 2 1 0 1 0 1 1 2 1 1 1 2 0 2 2 1 2 0 2 1 1 2 1 1 0 0 1 1 2 2 2 1 1 1 1 2 1 0 2 1 1 1 1 2 1 1 2 2 1 0 2 2 2 1 2 0 1 0 1 1 1 1 1 0 1 1 1 1 1 1 1 1 1 0 0 1 1 0 1 1 0 1 1 1 1 1 1 1 1 1 1 0 1 1 1 1 1 1 1 1 0 1 1 1 1 a 1 1 1 1 0 1 1 1 0 0 1 1 1 1 1 1 1 1 0 0 
1 1 1 1 1 1 0 1 1 1 1 1 0 1 0 1 1 1 1 1 1 1 1 0 0 1 2 0 2 1 2 1 1 1 2 2 2 1 1 2 0 1 0 1 2 1 0 1 2 1 1 1 2 1 1 1 2 1 1 1 1 2 0 2 0 2 1 2 2 0 1 2 1 1 2 2 1 2 0 0 2 2 1 2 2 2 2 1 2 1 1 0 1 1 1 1 0 1 1 1 1 1 1 1 1 1 1 0 1 1 1 1 1 1 1 1 1 1 1 1 1 1 1 1 1 0 1 0 1 1 1 1 1 1 1 1 1 0 0 a 0 1 0 1 1 1 1 1 0 1 1 0 0 1 1 1 0 1 1 1 
1 1 1 1 0 1 1 1 1 0 1 1 1 1 1 1 1 1 1 1 1 0 0 1 1 0 1 0 2 0 0 2 2 1 1 2 2 2 0 0 2 0 0 2 1 1 2 0 2 1 0 2 0 1 2 0 0 1 1 0 2 2 2 0 0 2 2 2 1 2 1 1 1 0 1 1 2 1 0 2 1 1 0 1 2 0 1 1 0 1 1 1 0 1 1 0 1 1 1 1 1 1 1 1 0 1 1 1 1 1 1 0 1 1 0 1 0 1 1 1 0 1 0 1 1 1 0 1 1 1 1 1 1 1 1 1 0 1 1 a 0 1 0 1 1 0 1 1 1 1 1 1 0 0 1 0 1 1 1 1 
1 1 1 0 1 1 1 1 1 0 1 1 0 1 1 1 1 1 1 1 1 0 1 1 1 1 1 0 0 0 2 1 1 2 0 0 0 1 1 2 1 0 1 2 2 1 2 2 2 1 1 2 2 1 0 1 0 1 1 1 0 2 0 0 2 1 0 1 1 2 2 1 2 2 1 0 1 2 2 0 1 2 2 2 0 2 0 1 1 2 1 0 1 1 1 1 1 0 1 1 1 0 0 0 1 1 1 1 0 1 1 1 1 0 1 1 1 1 1 1 1 0 1 1 1 1 1 0 1 0 1 1 1 1 1 1 0 1 1 a 1 1 1 1 1 1 1 1 1 0 1 1 1 0 1 1 1 1 1 1 
0 1 1 1 1 0 1 1 1 1 1 1 1 1 1 1 0 1 0 1 1 1 1 0 1 1 0 0 2 2 0 0 0 0 1 1 2 1 2 1 2 0 0 0 1 2 1 2 2 1 1 0 2 2 1 0 0 1 0 2 2 1 2 1 2 1 2 1 2 0 2 2 1 2 1 1 1 0 2 2 1 2 1 1 2 2 1 1 0 2 1 0 0 1 1 1 0 1 1 0 1 1 1 1 1 1 1 1 1 0 1 1 1 1 0 0 1 1 1 1 0 1 1 1 1 1 1 1 1 1 1 1 1 1 1 0 1 1 1 a 1 1 1 1 1 1 0 1 1 1 0 0 1 0 0 1 1 0 1 1 
1 1 1 1 1 0 1 1 1 1 1 1 1 0 1 1 1 1 1 1 1 1 1 0 1 1 1 2 2 2 2 1 1 1 0 2 2 1 1 2 2 2 2 2 1 0 1 1 2 1 2 2 2 1 1 2 0 1 1 2 1 2 2 2 2 1 2 1 1 2 0 2 0 2 2 1 1 1 2 1 2 1 2 0 0 1 1 1 2 1 0 1 1 1 1 1 1 1 1 1 1 1 1 1 1 1 1 1 1 1 1 1 1 1 1 1 0 1 1 0 0 1 0 1 0 0 1 1 1 0 1 1 1 1 1 1 1 1 1 a 1 1 1 0 1 0 1 1 1 1 1 1 0 1 1 1 1 1 1 1 
1 1 1 1 1 0 2 1 2 0 2 0 2 2 2 2 2 2 1 0 1 2 1 1 1 1 0 2 0 2 1 2 2 2 1 1 2 1 0 0 2 1 2 2 0 2 0 2 0 2 1 1 2 1 1 0 2 1 1 2 1 2 1 1 1 0 2 1 2 2 1 2 1 1 2 0 0 2 2 1 2 0 2 2 1 2 2 2 2 2 1 1 1 1 1 1 1 1 1 1 1 1 1 0 1 1 1 1 1 1 0 1 1 1 0 1 0 1 1 1 1 1 1 0 1 0 1 1 1 1 1 0 0 1 1 1 1 1 1 a 1 1 1 1 1 0 1 1 1 1 1 0 1 1 0 1 1 1 1 1 
1 2 1 2 1 1 1 1 2 2 0 0 2 2 0 1 2 2 1 2 2 2 1 0 1 1 1 1 1 0 1 2 2 1 2 1 2 1 2 0 2 1 1 2 1 2 2 1 0 2 1 1 0 2 1 1 2 0 1 1 2 1 2 2 2 1 1 2 1 1 1 1 1 2 1 2 0 2 0 2 1 1 2 1 1 1 1 2 2 2 1 1 1 0 1 0 1 0 0 1 1 0 1 0 1 1 1 1 1 1 0 1 1 1 1 1 1 0 1 1 1 0 1 0 0 0 1 1 1 1 0 1 1 1 1 1 1 1 1 a 1 1 1 0 1 1 1 1 1 1 1 1 1 1 1 1 1 1 1 1 
1 2 1 1 1 0 1 1 1 1 2 1 1 2 1 0 1 2 2 2 2 1 0 1 1 0 0 0 0 2 1 1 2 1 1 0 0 1 2 1 2 1 2 2 0 0 1 2 2 0 2 1 2 2 1 2 1 1 1 2 1 0 1 1 0 0 1 2 0 1 1 2 2 2 2 0 2 1 2 0 1 2 2 2 0 1 0 1 2 2 1 1 0 0 1 1 1 1 1 1 1 1 1 1 0 0 1 0 1 1 1 1 1 1 1 0 1 0 1 1 1 1 1 1 1 1 1 1 1 1 0 1 1 1 1 1 1 1 1 a 1 1 0 0 1 1 0 1 1 1 1 0 1 0 0 1 1 1 0 1 
0 2 2 1 1 2 2 2 1 2 1 1 1 1 1 0 2 2 2 1 2 2 1 1 1 1 1 0 2 1 0 1 2 1 2 2 0 2 2 1 1 1 1 2 2 0 2 2 2 1 1 2 0 0 1 0 1 1 1 2 2 1 1 0 1 1 0 0 2 2 1 0 2 2 2 1 1 0 1 1 2 2 1 2 1 0 2 2 2 1 1 1 1 1 1 1 1 0 0 0 1 1 1 0 0 1 1 1 1 1 1 1 0 1 1 1 1 1 1 1 1 1 0 1 1 1 1 1 1 1 0 0 0 1 1 1 0 1 1 a 1 1 0 0 1 1 1 1 1 1 1 1 0 0 1 1 1 0 1 1 
1 1 2 2 2 1 1 2 1 1 0 1 1 1 1 1 2 2 0 0 1 2 1 0 0 1 1 0 1 1 1 0 1 0 1 0 0 1 2 1 2 2 2 2 2 1 0 1 1 2 1 0 0 0 2 2 2 1 1 2 2 1 0 2 1 1 2 1 1 1 2 1 2 0 2 0 0 2 0 1 0 2 1 2 1 0 2 1 1 0 0 1 1 1 1 1 0 1 1 1 1 0 1 0 1 1 0 1 1 1 1 1 1 1 1 1 1 1 1 1 1 1 1 1 1 1 1 0 1 1 0 1 1 1 1 1 1 1 1 a 0 0 1 1 0 1 1 1 1 1 1 0 0 0 0 1 1 0 1 1 
0 0 1 2 1 1 2 0 2 2 1 2 1 2 0 2 2 2 1 1 0 2 1 1 1 1 2 0 0 0 1 1 1 2 0 1 1 2 2 1 1 2 1 1 2 2 1 2 1 2 2 0 2 2 2 0 1 1 1 2 0 1 1 1 2 0 0 1 2 0 1 2 1 2 1 2 0 2 2 2 1 0 0 2 1 2 0 2 1 2 1 1 1 1 1 1 1 1 0 1 1 1 1 1 1 1 1 1 0 0 0 1 1 1 1 0 1 1 0 1 1 1 1 1 1 1 0 1 1 0 0 0 0 1 0 1 0 1 0 a 0 1 1 1 1 1 0 1 1 1 1 1 1 1 1 1 1 0 1 1 
1 2 1 0 2 2 2 1 0 1 2 2 2 2 1 0 0 1 2 0 1 1 1 1 1 0 0 2 2 0 1 1 0 0 2 1 0 1 0 1 2 1 1 1 0 1 2 2 2 2 0 2 0 2 2 1 2 1 1 2 0 2 2 1 1 0 1 2 2 0 1 1 0 1 2 1 2 2 0 0 2 1 0 1 2 1 1 1 0 1 0 1 1 0 1 1 0 1 0 1 1 0 1 1 1 0 1 1 1 0 1 0 0 1 1 1 1 1 1 0 1 1 1 1 1 0 1 1 1 0 1 1 1 0 1 1 0 1 1 a 1 1 1 1 1 1 1 1 0 0 1 1 1 1 1 0 0 1 1 0 
1 2 0 0 1 2 2 2 1 2 2 1 0 2 2 1 0 0 1 1 1 2 1 1 1 0 0 2 0 2 1 0 2 0 1 1 0 1 1 1 0 1 2 2 1 2 0 1 1 1 1 2 1 0 2 1 0 1 1 2 2 1 1 2 1 1 2 1 1 1 2 0 1 2 1 1 2 1 2 1 2 1 1 2 1 2 1 1 2 1 1 1 1 1 0 1 1 0 1 1 1 0 0 1 1 1 1 1 1 1 1 1 1 1 1 1 0 1 0 1 0 0 1 1 1 1 0 1 1 1 1 1 0 1 1 1 1 1 1 a 0 0 1 1 1 1 1 1 1 1 1 1 1 0 1 0 1 0 1 1 
1 2 1 0 0 2 1 0 2 0 2 1 0 0 2 1 1 1 2 2 1 2 0 1 1 1 0 1 2 0 0 2 1 1 1 0 1 1 2 2 1 1 2 1 0 1 2 1 2 1 2 1 2 2 2 2 1 1 0 2 2 1 2 2 1 0 2 2 2 1 2 0 2 2 1 0 2 2 0 0 2 1 1 0 2 2 1 0 1 2 1 1 1 1 1 1 1 1 0 1 1 1 1 0 0 1 1 1 1 1 0 1 1 1 1 1 0 1 1 0 1 1 1 1 0 1 1 0 1 1 0 1 1 1 1 1 1 1 1 a 1 1 1 0 0 1 1 0 0 0 0 1 1 0 1 1 1 1 1 1 
2 1 2 2 1 1 2 1 2 1 1 0 1 1 1 2 0 2 2 0 1 0 1 0 1 1 1 2 2 1 1 2 1 1 2 1 2 0 2 1 0 2 2 2 1 2 1 2 0 2 0 0 0 1 1 2 2 1 0 1 1 1 0 1 2 1 0 2 1 0 1 0 0 0 1 1 1 1 2 2 2 1 2 2 0 2 2 2 2 2 0 1 1 1 1 1 1 1 1 0 1 1 1 1 1 1 1 1 1 1 0 0 1 1 1 1 1 1 0 1 1 1 1 1 0 1 1 0 1 1 1 1 0 1 0 1 1 0 1 1 0 1 0 1 1 1 1 1 1 1 0 1 1 1 1 1 1 1 1 1 
2 2 2 1 2 1 1 2 1 1 1 1 2 2 2 1 2 2 1 1 0 2 1 1 1 1 0 2 2 1 1 0 1 0 2 1 1 1 0 1 2 0 2 2 2 2 0 0 0 1 1 0 2 2 0 1 1 1 1 0 0 0 2 1 2 1 1 1 1 0 2 2 2 0 2 2 2 1 1 2 0 2 2 0 1 0 0 0 1 2 1 0 1 1 1 1 0 1 1 1 1 1 0 1 1 1 1 1 1 1 1 1 1 1 1 0 1 1 1 0 1 1 0 1 1 1 1 1 1 1 1 1 1 1 1 1 1 1 1 1 1 0 1 1 1 1 0 1 1 1 1 1 1 1 0 0 1 1 1 1 
0 1 0 2 2 2 0 1 1 0 2 2 1 1 0 1 2 0 0 2 2 1 1 0 1 1 2 0 2 2 2 1 1 2 1 1 0 1 1 2 1 1 2 1 2 2 1 1 1 0 1 0 2 2 2 2 0 1 1 1 1 2 1 1 2 2 0 2 1 0 1 2 2 2 1 1 1 0 1 0 2 1 2 0 0 2 1 0 1 2 1 1 1 1 0 1 1 1 1 1 1 1 1 0 1 1 1 0 1 1 1 1 0 1 1 1 1 1 1 1 0 1 1 1 1 1 1 1 1 1 1 1 0 1 1 1 1 1 1 1 0 0 1 1 1 1 1 1 0 0 1 1 0 1 1 1 1 0 1 1 
1 1 1 2 1 1 1 0 2 2 2 1 0 1 1 2 2 2 1 1 2 2 0 1 0 1 1 0 0 1 2 1 1 2 2 0 1 2 2 1 1 2 1 2 1 2 2 2 1 2 0 0 2 2 1 1 2 1 1 2 1 2 2 2 1 2 0 2 2 1 1 0 1 0 2 0 2 0 2 0 0 2 2 2 1 1 1 2 2 2 0 1 1 0 1 1 1 1 1 0 1 1 1 1 1 1 1 1 1 1 1 1 1 0 1 0 1 0 1 0 1 1 1 1 1 1 1 1 1 1 1 1 1 1 1 1 1 0 1 1 1 1 0 1 1 0 1 1 1 1 1 1 1 0 1 1 1 1 1 1 
0 1 1 2 1 1 1 1 2 1 2 1 1 2 1 1 2 2 2 1 0 0 1 1 1 1 1 0 1 2 2 1 0 0 0 1 1 1 1 0 2 2 2 1 1 0 2 0 2 0 0 0 1 2 0 1 2 1 1 2 2 1 1 0 0 2 1 1 1 1 0 2 2 2 2 0 0 2 0 2 0 2 1 1 1 2 1 2 2 2 1 1 1 0 1 1 1 1 0 1 1 1 1 1 1 0 1 1 1 1 1 1 1 1 1 1 1 1 1 1 0 0 1 1 1 1 1 1 1 1 1 1 1 1 1 1 1 0 1 1 1 0 1 0 0 1 1 1 1 0 1 1 1 1 0 1 0 1 1 1 
2 1 2 0 1 0 2 1 2 0 1 1 2 1 1 1 2 0 2 1 1 2 1 1 1 1 1 1 2 1 2 1 1 0 1 1 1 2 0 1 2 0 2 2 0 1 2 1 2 2 1 0 1 1 0 0 1 1 1 1 2 1 1 0 2 2 2 0 0 1 1 1 0 1 2 0 1 1 2 2 0 1 2 1 1 1 2 2 2 2 1 1 1 0 1 1 1 1 1 1 1 1 0 1 1 1 1 1 1 0 1 1 1 0 0 1 1 1 0 1 1 0 1 0 1 1 1 1 1 1 1 1 1 1 1 0 1 0 0 1 0 0 0 1 1 1 1 1 1 1 1 0 1 1 1 1 1 1 1 1 
1 1 1 0 2 2 1 1 2 0 1 2 1 1 1 2 1 1 2 1 1 2 0 1 1 1 2 2 2 0 1 2 1 2 1 1 2 2 1 2 0 1 0 2 2 0 2 2 1 0 0 1 1 2 0 2 1 1 1 0 1 2 0 1 2 1 1 2 2 0 1 1 1 2 1 1 1 2 2 2 1 1 1 1 2 1 2 2 2 1 1 1 1 1 1 0 1 1 1 1 0 0 1 0 1 1 0 1 1 1 1 1 0 1 0 1 1 1 1 1 0 1 1 0 0 1 1 1 1 0 1 1 1 1 1 1 0 1 1 0 1 1 0 1 1 0 1 1 0 1 1 1 1 1 1 1 1 1 1 1 
1 0 0 2 2 0 1 2 0 1 2 0 0 2 1 2 2 0 1 0 2 0 1 0 1 1 0 0 1 2 1 2 1 2 0 1 0 0 2 2 2 0 0 2 2 2 0 1 2 2 2 0 2 0 0 1 2 0 1 2 1 1 2 1 1 1 0 1 2 2 1 1 2 2 2 1 0 2 1 1 1 1 2 0 1 2 1 2 1 1 0 1 1 0 1 1 1 1 1 1 1 1 1 0 0 1 1 1 1 1 1 1 0 1 1 1 1 0 1 1 1 0 1 1 0 1 1 1 1 1 0 1 1 1 1 1 0 1 1 1 1 0 1 1 0 1 1 1 0 1 1 1 0 1 1 1 1 1 0 1 
2 0 2 0 0 2 2 2 0 2 1 2 2 2 2 1 2 2 1 2 1 2 0 1 1 1 2 0 1 0 0 1 1 2 2 0 1 2 1 2 1 0 0 0 2 0 2 0 2 1 0 2 2 0 2 0 1 1 0 1 0 1 2 0 1 2 2 1 0 1 1 2 1 2 0 1 2 0 0 1 0 2 0 0 1 1 1 2 0 1 0 1 1 1 1 1 0 1 0 1 1 1 1 1 1 1 1 1 0 0 0 1 1 1 1 0 0 0 0 1 1 1 1 1 1 1 1 0 1 1 1 1 0 1 1 0 1 0 1 1 1 1 1 1 1 1 0 1 0 0 1 1 1 1 1 1 1 1 0 0 
1 1 1 1 2 1 1 1 0 2 1 1 1 1 1 0 2 1 1 2 0 1 1 0 1 1 2 2 2 1 1 1 1 1 1 2 1 2 2 1 0 2 1 0 2 2 2 2 2 2 1 2 2 1 0 2 0 1 1 1 0 2 0 1 2 0 2 2 0 2 2 1 0 2 2 2 2 1 2 1 2 0 0 1 0 0 0 2 2 2 0 0 1 1 0 1 0 1 1 1 1 1 1 1 1 0 1 1 0 1 1 1 1 1 1 1 1 1 1 0 1 1 0 1 1 0 1 0 1 1 1 1 1 1 0 0 0 1 1 1 0 0 0 1 0 0 1 1 1 1 1 1 0 1 0 1 1 1 0 1 
2 0 0 1 2 2 1 0 2 1 2 2 2 1 2 2 1 0 1 2 1 2 1 1 1 1 2 1 0 1 0 1 1 1 1 2 2 2 2 1 1 2 0 1 2 1 0 1 2 2 1 2 0 2 0 2 2 0 1 0 1 0 1 2 0 1 2 1 0 1 2 2 2 0 1 0 1 2 1 1 0 2 2 1 2 2 1 1 0 2 1 1 1 1 1 1 1 1 1 1 1 1 1 1 0 1 1 1 1 1 1 1 1 1 1 1 1 1 1 1 0 1 0 1 1 1 1 1 1 1 1 1 1 0 0 1 1 1 0 0 1 1 1 1 1 1 1 1 0 1 1 0 1 1 0 1 1 1 1 0 
1 2 2 2 1 2 1 0 1 1 2 0 2 2 2 1 1 0 1 1 1 1 1 1 1 1 2 0 1 2 2 1 1 1 1 2 0 1 2 1 1 1 2 2 2 0 1 2 1 1 2 1 2 1 2 1 1 0 1 2 0 1 2 0 2 2 0 1 1 1 0 2 1 0 1 1 0 1 1 2 0 1 0 2 0 2 0 2 2 1 1 1 1 1 1 1 1 1 1 0 1 1 1 1 1 1 0 1 1 0 1 1 1 1 1 1 1 0 0 0 1 1 1 0 1 1 1 1 1 1 1 0 1 0 1 1 1 1 1 1 1 1 1 1 1 1 1 1 1 1 1 1 0 0 1 0 1 1 0 0 
2 1 2 0 0 1 1 2 0 2 2 0 2 1 2 1 2 1 2 2 2 0 0 0 1 1 2 0 2 1 2 1 2 1 2 1 1 1 2 2 2 2 0 1 2 1 2 2 2 2 2 2 2 2 0 0 1 1 1 1 1 1 1 2 1 1 1 2 0 1 1 2 1 2 0 1 0 0 1 1 2 2 2 2 2 2 2 2 2 1 1 0 1 1 1 1 1 1 1 1 0 1 0 1 0 1 0 1 0 1 0 1 1 1 1 1 1 1 1 1 1 1 0 1 1 1 0 1 1 1 1 1 0 1 1 1 1 1 1 1 0 1 0 1 1 1 0 0 1 1 1 1 0 1 0 1 1 1 1 1 
1 2 0 2 0 2 1 2 2 2 0 1 0 1 2 0 1 0 2 1 2 2 0 1 1 0 1 1 0 1 1 1 1 1 1 1 1 1 1 1 0 1 0 1 1 1 1 1 1 1 1 0 1 0 1 0 1 1 0 1 2 1 2 2 1 1 0 2 0 2 2 0 2 2 0 1 0 2 1 2 2 1 2 1 2 1 1 1 2 2 0 1 1 1 0 1 1 1 1 1 0 1 1 1 0 1 1 1 1 1 1 1 1 1 1 1 0 0 1 1 1 1 0 1 1 1 1 1 1 1 1 0 1 0 0 1 1 1 1 1 0 1 0 1 1 1 1 1 1 1 1 1 0 0 1 1 1 1 1 1 
1 1 2 2 2 0 2 2 1 0 0 1 0 1 2 2 1 0 2 2 0 1 1 1 0 1 1 1 1 0 1 1 0 1 0 1 1 1 1 1 1 1 1 1 1 1 1 0 0 1 1 1 1 1 1 1 1 1 1 2 2 1 1 1 2 1 1 2 0 0 0 2 2 2 0 1 0 2 0 0 2 1 2 2 1 2 2 2 2 0 1 1 0 1 1 1 1 1 1 0 1 0 0 1 0 1 0 1 1 1 1 0 1 1 1 0 1 0 1 1 1 1 1 1 1 1 1 1 0 1 1 1 0 1 0 1 1 1 1 0 1 1 1 0 1 1 0 0 1 1 1 1 1 1 1 1 0 0 1 0 
2 2 1 1 2 1 0 1 0 0 2 1 2 2 2 1 0 0 2 1 1 1 0 1 1 0 1 0 1 1 1 1 1 0 1 1 1 1 1 1 1 1 1 1 1 1 1 1 0 1 1 1 1 1 1 0 1 1 1 1 1 0 1 1 0 1 1 1 1 1 0 1 1 0 1 1 1 1 1 0 1 1 1 0 1 1 1 1 1 1 0 1 1 1 1 1 1 1 0 1 0 1 0 0 1 0 0 1 1 0 0 1 1 1 0 1 0 1 0 1 1 1 1 1 1 1 0 0 1 1 1 1 1 1 1 0 1 1 1 0 1 1 1 1 1 1 0 1 1 1 1 1 1 1 1 1 1 0 1 1 
1 0 1 1 2 1 1 1 2 2 2 2 1 1 0 2 0 0 1 1 1 0 1 0 1 1 1 1 1 1 1 1 1 0 1 1 1 0 1 1 0 1 1 1 1 0 1 1 1 1 1 1 1 0 1 1 1 1 1 1 1 1 1 1 1 1 1 1 1 1 1 0 1 1 1 1 0 1 0 1 1 1 1 1 1 1 1 0 1 1 1 1 1 1 1 1 1 0 1 1 1 1 1 1 0 1 1 1 1 1 0 1 0 0 1 0 1 1 1 1 1 1 1 1 1 1 0 1 0 1 1 1 1 1 1 1 1 1 1 1 1 1 0 1 1 0 1 1 1 1 1 1 1 0 1 1 0 1 1 1 
2 2 0 0 1 1 2 0 2 1 1 2 1 1 2 0 1 1 2 0 1 2 1 1 0 1 1 1 0 1 1 1 1 1 0 1 1 1 0 1 1 1 0 0 1 0 1 1 1 1 1 1 1 1 1 0 1 1 1 1 1 1 1 1 1 1 1 1 1 1 1 1 0 1 0 1 1 1 1 1 1 1 1 1 1 0 0 1 1 1 1 1 1 1 1 1 0 1 1 1 0 1 1 1 1 1 1 0 1 0 1 1 1 1 1 0 0 1 0 1 1 1 1 1 1 0 1 1 0 1 0 1 1 1 1 1 1 0 1 1 1 1 1 1 0 0 1 1 1 1 1 1 1 1 1 1 1 1 1 1 
2 2 1 2 2 1 1 0 0 0 2 1 1 2 2 0 0 1 1 0 2 2 1 1 1 0 0 1 1 1 0 1 0 1 1 1 1 1 1 1 1 1 1 1 0 1 1 1 1 1 0 1 0 0 0 1 1 1 1 1 1 1 1 1 1 1 1 1 1 1 1 1 1 1 0 1 1 1 0 0 1 1 1 1 1 1 1 1 0 0 1 1 1 1 1 0 1 1 0 1 1 0 1 1 0 1 0 1 1 1 1 1 1 0 0 1 1 1 1 1 1 1 0 1 1 1 1 0 1 1 1 1 1 1 1 0 1 1 1 0 0 1 1 1 0 0 1 1 1 1 1 1 1 1 1 1 0 1 1 1 
2 2 2 1 0 2 0 0 0 2 2 0 1 0 2 0 2 2 1 0 1 0 0 1 0 0 1 0 0 1 1 1 0 1 1 1 1 1 1 1 1 1 0 1 1 0 1 1 1 1 0 1 1 1 1 1 0 0 1 1 1 1 1 0 1 1 1 1 1 1 0 1 1 1 1 0 1 1 1 1 0 1 1 1 1 1 0 1 0 0 0 1 1 0 1 1 1 1 0 0 0 1 1 1 0 1 1 1 1 1 0 1 1 0 1 1 0 1 1 0 1 1 1 1 0 1 1 1 1 1 1 1 1 1 1 1 1 1 1 0 1 1 0 1 1 1 1 0 1 1 1 1 1 1 1 1 1 1 1 1 
1 0 1 0 1 1 1 0 1 0 1 2 1 2 2 1 0 1 2 1 1 1 1 1 1 1 0 0 1 1 1 1 1 1 1 1 1 0 1 1 1 1 0 1 0 1 1 0 1 1 1 1 1 1 0 0 0 1 1 1 1 1 0 1 0 1 1 0 1 0 1 0 1 1 1 1 1 1 0 1 1 1 1 1 1 0 1 1 0 1 1 1 1 1 0 1 1 1 1 1 1 0 1 1 0 1 1 1 0 1 1 0 1 0 1 1 1 1 1 1 1 1 1 1 1 1 0 1 1 1 0 1 0 1 0 0 1 0 0 1 1 1 1 1 1 1 1 1 1 1 1 1 1 1 0 1 1 1 1 1 
2 0 2 0 1 2 2 2 0 0 2 1 1 2 0 2 1 2 1 1 1 2 0 1 0 1 1 1 1 1 1 0 1 1 1 0 0 1 1 0 1 0 0 1 1 0 1 0 1 1 0 1 1 1 1 1 1 0 1 1 0 1 1 1 1 1 1 1 1 1 1 1 1 1 1 1 0 0 1 1 1 1 0 1 0 1 0 1 1 1 1 1 1 1 1 1 1 1 1 1 1 1 1 1 1 1 1 1 1 1 1 1 1 1 1 1 1 1 1 1 0 1 1 1 1 0 1 1 1 1 1 1 1 1 0 1 1 1 1 1 0 1 1 1 1 1 1 1 1 1 1 0 1 1 1 0 1 0 1 1 
1 0 1 1 0 1 1 1 1 0 1 1 1 0 1 1 1 1 1 1 1 0 1 1 1 1 1 0 1 1 1 1 0 1 1 1 1 1 1 1 1 0 1 1 1 1 1 1 1 1 1 1 1 1 1 1 1 1 1 1 1 0 1 1 0 1 1 1 1 0 1 1 1 1 1 1 1 0 1 1 0 1 1 1 0 1 1 1 1 1 0 0 1 0 1 0 1 1 1 1 1 1 1 1 0 1 1 1 1 1 0 0 1 1 0 1 1 1 1 1 0 1 1 0 1 1 0 1 1 1 1 1 1 0 1 1 1 1 1 1 1 1 1 1 1 1 1 0 1 1 0 1 1 1 1 1 1 1 1 1 
1 0 1 1 0 1 0 1 1 1 1 1 1 1 1 1 1 1 1 1 1 1 1 0 1 1 1 1 1 1 1 1 0 1 1 1 1 1 1 1 0 1 1 1 1 1 1 0 1 1 1 1 1 1 1 1 1 0 1 0 1 0 1 1 1 1 1 1 1 1 1 0 1 1 1 1 1 1 0 1 0 1 1 1 1 1 1 1 0 0 1 1 1 1 1 1 1 0 1 0 1 1 1 1 1 1 1 1 1 0 0 1 0 1 1 1 1 1 1 1 1 1 0 1 1 1 1 0 1 1 0 1 1 1 1 1 1 1 1 0 1 1 1 1 1 1 1 1 0 1 0 1 1 1 1 1 1 1 1 1 
1 1 0 1 0 1 0 1 1 0 1 1 1 1 0 1 0 1 1 1 0 1 1 1 1 1 1 1 1 1 1 1 1 1 1 1 0 1 0 1 0 1 0 1 1 1 1 1 1 1 1 0 1 0 1 1 1 1 1 1 0 1 1 1 0 1 1 1 1 1 1 0 1 0 1 1 1 1 1 1 0 0 1 1 1 1 0 1 0 1 0 0 1 1 0 1 1 1 1 1 0 1 0 0 0 0 1 1 1 1 1 1 1 1 1 1 1 1 1 1 1 1 1 0 1 0 0 0 1 1 0 0 1 1 1 1 1 1 1 1 0 1 0 0 1 1 1 1 1 1 0 1 0 1 0 1 1 1 1 0 
1 1 1 1 1 1 1 1 0 1 1 1 1 1 1 1 1 0 1 1 0 0 1 1 0 1 1 1 1 1 1 1 1 1 1 1 1 1 0 0 1 1 1 1 1 1 1 0 1 0 1 1 1 1 1 1 1 0 0 0 1 1 1 1 0 1 1 1 1 1 1 1 1 1 1 1 1 1 0 0 1 1 1 1 1 1 1 1 1 0 0 1 1 1 0 1 1 1 1 1 1 1 1 1 1 1 0 1 1 1 0 0 1 1 1 1 0 1 1 1 1 1 1 1 1 1 1 1 1 0 2 0 2 1 2 1 0 0 2 2 1 2 1 0 2 1 2 1 0 2 1 0 2 1 0 2 2 0 1 0 
1 1 1 1 1 1 1 1 1 1 1 1 0 1 1 1 1 1 1 1 1 0 1 1 1 0 0 1 0 0 1 1 0 1 1 1 1 1 0 1 1 1 1 0 1 1 1 1 1 1 1 1 1 0 1 1 1 1 1 1 1 0 1 1 0 1 1 1 1 1 1 1 1 0 0 1 1 1 1 1 1 1 1 0 1 1 1 1 1 1 1 1 1 1 1 0 1 1 1 1 1 1 1 0 1 0 1 1 1 1 1 1 1 0 1 1 1 1 1 1 1 0 1 1 1 0 1 1 1 2 2 2 1 1 1 2 0 0 2 2 2 1 1 2 2 2 0 1 0 0 0 0 1 1 2 2 1 1 1 1 
1 1 0 1 1 1 1 1 1 1 1 1 1 1 1 1 1 1 1 0 1 1 1 0 0 1 1 1 1 0 1 1 1 1 1 0 1 0 1 1 1 1 1 1 0 1 1 1 1 0 1 1 0 1 0 1 1 1 1 1 1 0 1 0 1 1 1 1 1 1 1 0 1 1 1 1 1 0 1 1 1 0 0 0 1 1 1 0 0 1 1 1 1 1 1 1 1 1 0 1 1 1 1 0 1 0 0 1 1 0 0 1 0 1 1 1 1 1 1 1 1 1 1 1 1 1 1 0 1 2 0 2 0 0 2 2 2 2 1 2 0 1 0 2 2 2 2 2 1 1 2 2 1 2 2 2 2 1 2 2 
1 1 1 1 1 1 0 0 1 1 1 0 1 1 1 1 1 1 1 1 1 0 1 1 1 0 1 0 0 1 1 1 1 1 1 0 1 1 0 1 0 1 1 1 1 1 0 1 1 1 0 1 1 1 0 0 1 1 1 1 1 1 0 1 1 1 0 1 1 1 0 1 1 1 1 1 1 1 0 1 1 1 1 1 1 1 0 1 1 1 1 1 1 1 1 0 1 1 1 0 1 1 1 1 1 1 0 1 0 0 1 0 1 1 1 1 0 1 1 1 1 1 1 1 1 1 0 1 0 0 1 2 1 1 1 1 2 2 2 2 2 1 2 2 1 2 0 0 1 1 2 1 2 2 0 0 1 0 1 1 
1 1 1 1 1 1 1 1 1 1 1 1 0 0 0 1 1 1 0 1 1 0 1 1 1 1 1 1 1 1 1 0 1 1 1 1 1 1 1 1 1 0 1 1 1 1 0 0 1 1 1 0 0 1 1 1 1 1 1 1 1 0 1 1 1 1 1 1 a a a a a a a a a a a a a a a a a a a a 1 0 1 1 1 1 1 1 1 1 1 1 1 0 1 1 1 1 1 0 1 1 1 1 0 1 0 1 0 0 1 1 1 1 0 1 1 1 1 1 1 1 2 2 1 2 2 0 0 2 1 0 2 1 2 1 0 1 1 2 2 1 1 0 2 2 1 1 1 0 1 1 
1 1 1 1 1 1 1 1 1 1 1 1 0 1 1 1 1 0 1 1 1 0 1 0 0 1 1 1 1 1 0 1 1 1 0 1 1 1 1 1 0 0 1 1 0 1 1 0 0 1 1 0 1 1 1 1 0 0 1 1 1 1 1 1 1 1 1 0 1 0 1 0 1 1 1 1 1 1 0 1 1 1 0 1 1 1 0 1 1 1 0 1 1 0 1 1 1 1 1 1 1 1 1 1 1 1 1 1 1 1 0 0 1 1 1 1 1 0 0 1 0 0 1 0 1 1 1 0 1 1 0 2 0 2 2 2 2 2 2 0 1 0 1 2 2 0 0 1 2 2 1 2 1 1 2 1 2 0 2 2 
1 1 1 1 1 1 0 1 1 1 1 1 0 0 1 1 0 1 0 0 1 0 1 0 1 1 1 1 0 1 1 1 1 1 1 1 1 1 1 1 1 1 0 1 1 1 0 1 0 0 1 0 0 1 1 1 0 1 1 1 1 1 1 0 1 1 0 0 1 1 1 0 1 1 1 1 1 1 0 1 1 1 1 1 1 0 1 0 1 0 1 1 1 1 1 1 1 1 1 1 1 1 1 1 1 1 1 1 0 1 1 1 1 0 1 1 0 1 1 1 0 0 1 1 0 1 1 1 1 0 1 1 2 1 0 1 1 2 2 2 1 2 2 2 1 1 0 1 2 1 0 2 2 1 1 0 1 2 1 2 
1 1 1 0 1 1 1 1 1 0 1 1 1 1 1 1 0 1 1 1 0 0 1 1 1 1 0 0 1 1 1 1 1 1 1 1 0 1 1 1 1 1 0 1 1 0 1 0 1 1 1 1 1 1 1 0 0 0 1 0 1 1 1 1 1 1 0 1 1 1 1 1 1 1 1 1 1 1 1 1 0 1 1 1 1 1 1 1 1 1 1 1 1 1 1 1 1 0 1 0 0 1 1 1 1 1 1 1 1 1 1 1 1 0 1 1 1 1 1 1 1 1 1 1 1 1 1 1 1 2 2 0 2 1 1 2 0 0 2 1 1 0 2 2 1 1 1 2 1 1 1 2 0 1 1 1 2 2 1 2 
1 0 1 1 1 1 1 1 1 1 1 1 1 0 1 1 1 1 1 1 0 1 1 1 0 1 1 1 1 0 1 1 1 1 1 1 0 1 1 1 1 1 1 1 1 1 0 1 1 1 1 1 1 1 1 1 1 1 0 1 1 1 1 1 1 0 1 1 1 1 1 1 1 1 1 1 1 1 1 1 1 1 1 1 1 1 1 0 0 1 1 1 1 1 1 1 1 1 1 1 1 1 1 1 0 1 1 1 1 1 1 1 1 1 1 1 1 1 1 1 1 1 1 0 1 1 0 1 0 2 2 2 1 1 1 2 2 0 1 1 0 1 0 1 2 1 0 1 1 0 1 1 2 0 1 2 1 2 2 1 
1 0 1 1 1 1 1 1 0 1 1 0 1 1 1 1 1 1 1 0 1 1 0 0 1 1 1 1 0 1 0 1 1 1 0 0 0 1 1 1 1 1 1 1 1 1 0 1 1 1 1 1 1 1 0 1 1 0 1 1 1 1 0 1 0 0 1 1 1 1 1 1 1 0 1 1 0 1 1 1 0 0 1 0 1 1 0 1 1 1 1 1 0 1 1 1 1 1 1 0 1 1 1 0 1 1 0 1 0 1 1 0 1 1 1 1 1 1 1 1 1 1 1 0 0 1 1 1 1 0 1 2 2 2 1 1 2 1 1 1 1 2 1 2 2 2 0 2 1 1 0 1 2 1 0 1 1 1 2 2 
0 1 1 0 1 0 1 1 1 1 1 0 0 1 1 1 1 1 0 0 1 0 1 1 1 1 1 0 1 1 1 0 1 1 1 1 1 1 1 1 1 1 1 1 1 1 1 0 1 1 1 1 0 1 1 1 1 1 1 1 1 1 1 1 1 1 1 1 0 1 1 1 1 1 1 1 1 1 1 1 1 1 1 1 1 1 1 0 0 1 1 1 1 0 1 0 1 0 1 1 1 0 0 1 1 1 1 1 1 1 1 0 1 1 1 1 1 1 1 1 1 1 1 0 1 1 0 1 1 0 1 0 1 1 1 2 2 1 0 1 2 0 2 2 2 2 1 1 2 1 1 2 2 1 1 0 1 1 2 0 
1 1 1 1 1 1 1 1 1 1 1 1 0 1 1 1 1 1 1 1 1 1 1 1 0 0 1 1 1 1 1 1 1 1 1 1 1 1 1 1 1 1 0 1 1 1 1 0 0 1 1 0 0 1 1 1 1 1 1 1 1 1 0 1 1 1 1 1 1 1 1 0 1 1 1 0 1 0 1 1 1 1 1 1 1 0 1 1 1 0 1 1 1 1 1 1 1 0 0 1 1 1 1 1 1 1 1 1 1 1 1 0 0 1 0 1 0 1 1 1 1 1 1 1 1 1 1 0 1 2 0 2 0 2 1 2 2 1 0 1 1 0 2 2 2 0 0 1 2 2 2 1 1 2 2 2 1 0 1 2 
1 1 1 1 1 0 1 1 1 0 1 0 1 0 1 1 0 1 1 1 0 1 0 1 1 1 1 1 0 1 1 1 0 1 1 0 1 1 0 1 0 0 1 1 1 0 1 1 1 1 1 1 1 1 1 1 0 1 0 1 1 1 1 1 1 0 0 0 1 1 1 1 1 1 1 0 1 0 1 0 1 0 1 0 1 1 1 0 1 0 1 1 1 1 0 1 1 1 1 1 0 1 1 1 0 0 1 1 1 0 0 1 1 1 0 1 0 1 0 1 1 1 1 1 1 1 1 1 1 0 1 2 2 2 0 1 2 2 2 1 0 0 0 0 0 2 0 1 1 0 1 0 1 2 1 2 2 2 1 0 
1 1 1 0 1 1 1 0 1 1 0 1 1 1 1 1 0 0 0 1 1 1 1 0 0 1 1 1 1 0 1 1 1 1 1 1 0 1 1 0 0 1 0 1 1 1 1 1 1 0 1 1 1 1 1 1 1 1 1 0 1 1 1 0 1 1 1 1 1 1 0 1 1 0 1 1 1 1 1 1 1 1 0 1 1 1 1 1 1 1 0 0 1 1 1 1 0 1 1 1 1 1 1 1 0 1 1 1 0 1 0 1 1 1 1 1 1 1 1 0 1 1 1 1 0 1 1 0 1 2 1 1 1 2 2 1 1 1 1 2 0 2 1 2 1 1 0 2 1 2 2 2 0 1 1 0 2 2 1 2 
1 1 1 1 1 1 1 1 1 1 1 1 1 1 1 1 1 1 1 0 1 1 1 0 1 0 1 1 1 1 1 1 1 0 1 1 0 1 1 1 1 1 1 1 1 1 1 1 1 1 0 1 1 1 1 1 1 1 0 1 0 1 1 1 1 1 0 1 1 1 1 0 1 0 1 1 1 0 1 1 1 1 1 1 0 0 0 1 1 1 1 1 1 1 1 1 0 1 1 1 0 1 1 1 1 1 1 1 1 1 1 1 1 1 1 0 1 1 1 1 1 1 1 0 1 1 1 1 1 2 1 1 2 0 0 1 2 1 2 0 0 1 2 1 1 1 1 2 1 2 1 1 2 2 2 0 1 2 1 1 
1 1 0 1 1 1 1 1 1 1 0 1 0 0 1 1 1 1 1 1 1 1 1 1 1 1 1 1 1 1 1 0 0 1 1 1 1 1 1 1 0 1 0 1 0 1 1 1 1 1 1 1 0 1 0 1 1 1 1 0 1 1 1 1 1 1 1 0 0 1 1 1 1 1 1 1 1 1 1 1 1 1 1 1 1 1 1 1 1 0 1 1 1 1 1 1 1 1 1 1 1 1 1 1 0 1 1 1 1 0 1 0 1 1 1 1 1 1 1 1 1 1 0 1 0 1 1 1 1 2 2 2 1 0 2 2 2 2 0 1 0 2 2 0 2 1 0 2 0 1 2 0 1 2 0 1 2 0 1 1 
1 1 1 1 1 1 1 1 1 1 1 1 1 1 1 1 1 1 0 1 0 1 0 1 0 1 1 1 1 1 0 1 1 1 1 1 0 1 0 1 1 1 0 0 1 0 0 1 1 1 1 1 1 1 0 1 0 1 1 1 1 1 1 1 1 1 1 0 0 1 1 1 1 1 1 1 1 0 0 1 1 1 1 1 1 1 0 1 1 1 1 1 1 1 1 1 1 1 0 1 0 1 1 1 1 1 1 0 1 1 1 0 1 1 1 1 1 1 1 1 1 1 1 1 1 1 0 1 1 2 2 1 2 1 2 2 0 2 2 2 1 1 1 2 2 0 1 0 1 1 0 1 2 2 2 1 1 1 2 2 
1 1 1 1 0 1 1 1 1 1 1 1 1 1 1 0 1 1 1 1 1 0 1 1 1 0 1 1 1 1 0 1 1 0 1 0 1 1 1 1 0 1 1 0 1 1 1 1 1 0 1 1 1 0 1 1 1 1 0 0 1 1 0 0 1 1 1 1 1 1 1 1 1 1 0 1 1 1 1 1 1 0 1 1 1 1 0 0 1 1 0 1 1 0 1 0 1 0 0 1 0 0 1 1 0 1 1 1 1 1 0 0 1 1 1 0 1 0 0 0 1 1 1 0 1 1 0 1 1 0 2 2 2 1 1 1 1 1 1 0 0 2 2 2 0 2 2 0 2 2 1 2 2 2 2 1 0 1 1 0 
1 1 1 1 1 0 1 1 1 1 1 0 1 1 0 0 1 1 0 0 0 1 0 1 1 1 1 1 1 1 1 1 1 1 1 1 1 1 1 1 1 1 0 1 1 1 1 0 0 0 1 0 1 1 1 1 0 1 1 0 1 1 1 1 1 1 1 0 1 1 0 1 1 1 1 0 1 1 1 1 1 1 1 1 1 1 1 1 1 0 1 1 1 1 1 1 1 1 1 1 0 1 1 1 1 1 1 1 1 1 0 1 0 1 1 1 1 1 1 1 1 1 1 1 1 0 1 1 1 0 2 2 1 0 2 2 2 0 0 2 2 0 2 1 2 1 1 1 2 2 1 2 2 0 0 1 2 2 0 0 
1 1 1 1 1 0 0 1 0 1 1 1 1 1 1 1 1 0 1 1 1 1 0 1 0 1 1 1 1 1 1 0 1 1 1 0 1 1 0 1 1 1 1 0 1 1 1 1 1 0 1 1 0 1 1 1 1 1 1 1 0 1 1 1 1 1 1 1 1 1 1 1 1 1 1 1 1 1 1 1 1 1 0 0 1 1 0 1 1 1 1 1 1 0 1 0 1 1 0 1 1 1 1 1 1 1 1 1 0 0 0 1 1 1 1 1 1 1 1 1 1 1 1 0 1 1 1 1 0 2 0 0 1 1 0 1 2 2 1 0 1 2 2 1 2 2 0 1 1 1 0 0 1 1 0 2 2 2 0 2 
1 1 1 1 0 1 1 1 1 1 1 1 1 1 0 1 1 1 1 1 0 1 1 1 0 1 1 1 1 1 1 1 0 1 1 1 1 1 1 1 1 1 1 1 1 0 0 0 1 1 1 1 1 1 1 1 1 1 1 1 1 1 1 1 1 1 0 1 1 1 0 1 1 1 1 1 1 1 1 0 1 1 1 1 0 1 1 1 1 1 1 1 1 0 1 1 1 1 1 0 1 1 1 1 0 1 0 1 1 0 1 1 1 1 1 0 0 1 1 1 1 1 1 1 0 1 1 1 1 2 2 2 2 2 0 1 1 2 2 0 2 1 0 2 0 1 1 1 1 0 0 0 2 1 2 2 1 2 2 1 
1 1 1 1 0 1 1 1 1 1 1 0 1 1 1 1 1 1 1 0 1 1 1 1 1 1 1 1 1 0 0 1 0 1 1 1 1 1 1 1 1 1 1 1 0 1 1 1 1 1 1 1 0 0 1 1 1 1 0 0 1 0 1 0 1 1 1 1 1 1 1 1 0 1 1 1 1 1 1 1 0 1 1 1 1 1 0 1 1 1 1 1 1 1 1 1 1 1 0 1 1 1 0 1 1 1 1 0 1 1 1 1 1 1 1 0 1 1 1 1 1 1 1 0 1 1 1 1 1 1 0 1 0 2 1 2 1 2 1 1 1 2 2 1 2 2 1 1 2 2 2 1 1 0 1 2 2 1 1 1 
1 1 1 1 1 0 1 1 1 0 1 1 1 1 0 0 0 0 1 0 1 1 1 1 1 1 1 1 1 0 1 1 1 1 1 1 0 1 1 1 1 1 1 0 1 1 0 1 1 0 1 1 1 1 1 1 0 1 1 1 1 1 1 1 1 0 1 1 0 1 1 1 1 1 1 0 1 1 1 1 0 1 1 1 0 1 0 1 1 1 1 1 1 1 1 1 1 1 1 1 1 0 1 1 1 0 1 1 1 0 1 1 1 1 1 0 1 1 1 1 1 1 1 1 1 1 1 1 1 1 2 1 1 1 1 2 1 2 1 0 2 2 2 1 2 1 2 2 2 1 1 0 2 2 2 2 2 1 2 1 
1 1 1 0 1 1 1 1 0 1 1 1 0 1 1 1 0 1 1 1 0 1 1 1 1 1 1 1 1 1 1 0 1 1 0 0 1 0 1 1 1 1 1 1 0 0 1 0 1 0 1 1 1 1 1 1 1 1 1 1 1 1 1 1 1 1 1 1 1 1 1 0 1 1 1 1 1 1 1 1 1 0 1 1 1 1 1 0 1 1 1 1 1 0 1 1 1 0 1 1 1 1 1 1 1 1 1 1 0 1 1 0 0 1 1 1 1 1 1 1 1 1 1 0 1 0 1 1 1 1 1 1 1 0 2 2 2 2 2 2 2 0 1 1 2 2 1 2 2 1 2 2 1 2 1 2 2 0 0 1 
1 1 0 1 1 1 1 0 1 1 1 1 1 1 1 1 1 0 1 0 0 1 1 1 1 1 0 0 0 1 1 1 1 1 1 1 1 1 1 1 1 1 1 1 1 1 0 1 0 0 0 1 1 1 1 1 1 0 1 1 1 1 0 1 0 0 1 0 1 1 1 1 0 0 1 1 1 0 1 1 1 1 1 1 1 1 1 1 1 1 1 0 0 0 1 1 1 1 0 1 1 1 1 0 1 1 0 0 1 0 1 1 0 1 1 1 1 1 1 1 1 1 1 0 1 1 0 1 1 0 1 2 2 1 1 2 1 2 1 2 2 0 1 2 1 1 1 0 1 2 1 2 0 1 2 1 0 1 0 1 
