78 143
8 46
87 37
95 7
78 73
16 133
48 58
92 123
102 72
93 29
0 1 1 1 1 1 1 0 1 0 1 1 1 0 1 1 1 1 0 1 1 1 1 0 0 1 1 0 1 1 1 0 1 1 0 1 1 1 1 1 1 1 1 0 0 0 0 0 0 1 1 1 1 1 1 1 0 1 1 1 1 1 1 0 1 1 1 1 1 1 0 1 1 1 1 0 1 1 1 1 1 0 1 1 0 1 1 1 1 1 1 0 1 0 1 0 1 1 1 1 1 1 1 1 0 1 1 1 1 0 1 1 1 1 0 1 1 1 1 1 1 1 1 1 1 0 1 1 0 1 1 0 0 1 1 0 1 0 1 1 0 1 1 1 1 1 1 1 1 0 0 1 1 1 1 0 1 1 1 1 
1 1 1 1 0 1 1 0 1 1 0 1 1 1 1 1 1 1 1 1 1 1 1 1 1 1 0 0 0 1 0 1 1 1 1 1 1 0 1 1 0 0 1 1 1 1 1 1 1 1 1 1 1 1 1 1 0 1 1 0 1 0 1 1 1 1 1 0 1 1 1 0 1 1 0 1 1 1 1 1 1 1 1 0 1 1 1 0 1 1 1 1 1 1 1 0 1 1 1 1 1 0 0 0 0 1 1 1 1 0 1 0 0 1 1 0 1 1 2 2 2 0 1 1 2 2 1 2 2 1 1 2 1 0 1 2 0 1 2 1 2 1 2 0 0 0 2 1 1 0 1 1 1 0 1 1 1 1 1 1 
0 1 1 0 1 1 1 1 0 0 1 1 1 1 1 1 1 1 1 1 0 1 0 0 1 1 1 1 0 1 0 1 1 0 1 1 1 1 1 1 0 1 1 1 0 0 1 1 1 1 1 1 1 1 1 1 1 1 0 1 1 0 1 1 1 0 1 1 0 1 1 0 1 1 1 1 1 0 1 1 1 1 1 1 1 0 1 1 1 1 1 1 0 1 1 0 1 0 1 1 1 1 1 0 1 0 1 1 1 1 1 1 1 0 1 0 1 1 2 1 2 1 2 2 1 1 2 1 0 2 0 2 1 2 2 1 0 1 2 2 2 1 2 2 2 2 1 0 2 0 1 1 0 1 1 1 1 1 1 0 
1 0 0 0 1 1 1 1 1 0 1 1 1 1 1 1 1 1 1 1 1 1 1 1 1 1 1 1 1 1 1 1 1 1 1 0 1 1 0 1 0 1 1 1 1 1 1 0 1 1 1 1 1 1 0 0 0 1 1 1 1 1 1 1 0 1 1 1 1 0 1 0 0 1 1 0 0 1 1 1 1 1 1 1 1 0 0 0 0 0 1 1 1 1 1 1 1 1 1 0 1 0 1 1 1 0 1 1 1 1 1 0 1 1 1 1 1 1 1 0 0 0 2 2 1 0 1 1 2 2 0 1 2 2 2 2 2 1 2 2 2 2 0 2 1 2 0 2 1 0 0 1 0 1 1 1 1 1 1 1 
1 1 1 0 0 1 1 1 1 1 1 1 1 1 1 1 1 1 1 1 1 1 1 0 0 1 1 1 1 1 1 0 0 0 1 0 1 1 1 1 1 1 1 1 1 1 0 1 1 1 0 1 1 0 1 0 0 1 1 1 0 1 1 1 1 1 0 1 1 0 1 1 0 1 0 1 1 1 1 1 0 1 1 1 1 1 1 1 1 1 1 1 1 1 1 1 1 1 1 1 1 1 0 0 0 0 0 1 1 1 1 1 1 1 1 0 1 1 2 1 2 0 1 1 2 2 2 2 1 2 2 1 2 1 2 1 0 2 0 0 2 0 0 1 0 1 2 2 1 0 1 0 1 1 1 1 0 1 0 1 
1 1 1 1 0 1 1 1 0 1 1 1 0 1 1 1 1 1 1 1 1 1 1 1 1 1 0 1 0 1 1 1 0 1 1 1 1 1 1 1 1 1 1 0 1 0 1 1 0 1 1 1 1 1 0 1 0 1 1 1 1 0 1 1 0 1 0 1 1 0 1 1 0 1 1 1 1 1 1 1 0 0 1 1 1 0 1 1 1 1 1 0 1 1 1 1 1 1 1 1 1 1 1 1 1 1 1 1 1 1 1 0 1 1 1 1 1 1 2 1 2 0 2 1 0 2 2 1 0 0 1 2 2 0 0 1 1 0 1 0 1 2 0 0 2 0 0 2 2 1 0 1 0 1 1 1 0 1 1 1 
1 0 1 1 1 1 0 1 1 0 1 1 0 1 1 1 1 0 1 0 1 1 1 1 1 1 0 0 1 0 0 1 1 1 1 1 1 0 1 1 1 1 1 1 1 1 1 1 0 0 1 1 1 1 1 1 1 0 1 1 0 1 0 0 0 1 1 1 1 0 1 0 1 1 1 1 0 1 1 1 0 1 0 1 1 1 0 0 1 0 1 0 1 0 1 1 1 0 1 0 1 1 1 1 1 0 1 1 0 1 1 1 0 1 1 1 1 1 0 1 1 1 2 0 1 1 0 1 1 2 2 1 0 2 1 2 1 1 2 2 2 2 2 0 2 1 2 2 2 1 0 1 1 1 1 1 0 1 0 1 
1 1 1 1 1 1 0 1 1 1 0 1 0 1 1 1 0 1 0 1 1 1 1 1 1 0 1 0 1 1 1 1 1 1 1 1 0 1 1 1 0 0 1 1 1 0 1 1 1 1 1 1 0 1 1 1 1 1 1 1 1 1 1 1 0 0 1 0 1 1 1 1 1 1 0 1 1 1 1 0 1 1 1 0 1 1 1 0 1 1 1 0 1 1 1 1 1 1 1 1 0 0 1 0 1 0 0 0 1 1 1 1 1 1 1 1 1 0 1 2 2 2 1 1 1 1 2 1 0 1 2 0 2 2 2 2 2 1 0 2 1 1 2 1 1 2 1 1 1 1 1 1 1 0 1 1 1 1 1 1 
1 1 1 1 1 1 1 1 0 1 1 1 1 0 1 1 1 1 1 0 0 0 0 1 1 1 1 1 1 0 0 1 0 1 1 0 0 1 1 1 1 1 1 0 0 1 1 1 1 1 1 0 1 1 1 1 1 1 1 1 1 1 0 1 0 1 1 1 1 1 1 0 0 1 1 1 0 1 1 1 1 1 0 0 1 1 1 1 1 1 1 0 1 0 1 1 1 0 1 1 1 1 1 1 1 0 1 1 0 0 1 0 1 1 1 1 1 0 1 0 0 0 2 0 2 2 2 1 1 2 1 1 1 0 0 1 2 1 1 2 2 1 1 1 2 2 0 1 2 0 1 1 0 1 1 1 1 1 1 1 
1 0 0 1 1 1 1 0 0 1 0 1 1 1 1 1 0 1 1 0 1 1 1 0 1 0 1 1 1 0 1 1 1 1 1 1 1 1 1 1 1 1 1 1 1 1 1 1 1 1 1 1 1 0 1 0 1 0 1 0 0 1 1 1 1 1 0 1 1 0 1 1 1 1 0 1 1 0 1 1 0 0 1 1 1 1 0 1 1 1 1 1 1 0 1 1 1 1 1 1 1 1 1 1 1 0 1 1 1 1 1 0 0 1 0 1 1 1 2 2 0 2 1 2 1 1 1 0 1 2 2 1 0 1 2 2 1 2 0 2 2 0 2 1 0 1 1 2 1 0 0 1 1 1 0 0 1 1 1 0 
0 0 0 1 1 1 1 1 0 1 0 1 1 0 1 1 1 1 1 1 1 1 1 1 1 1 1 1 1 1 1 1 1 1 1 1 1 0 1 1 1 1 1 1 1 1 1 0 0 1 1 1 1 0 1 1 0 1 1 0 1 1 1 1 1 1 1 1 0 1 1 1 1 1 0 1 1 0 1 1 1 1 1 1 1 0 1 1 1 1 1 1 1 0 1 1 1 1 0 1 1 0 1 0 1 1 1 0 0 1 1 1 1 0 0 1 1 1 1 2 2 2 1 0 2 2 1 1 2 2 2 0 0 2 2 1 0 1 1 0 1 1 1 2 0 2 1 1 2 1 1 1 1 1 1 1 1 1 1 1 
1 0 1 1 1 1 1 1 0 1 1 0 0 1 1 1 1 0 1 1 1 1 0 1 1 1 0 0 1 0 1 0 1 1 1 0 0 1 1 1 1 1 1 1 1 1 1 1 1 1 1 1 1 0 1 1 1 1 1 1 0 1 1 1 1 1 0 1 0 1 1 1 1 0 1 1 1 1 1 1 1 1 0 1 0 0 0 1 1 1 1 1 1 1 1 1 1 1 1 0 1 1 1 1 1 1 1 1 1 1 0 1 1 0 1 1 1 1 0 0 2 2 2 1 1 2 2 2 1 1 2 2 1 2 1 0 1 1 1 2 1 0 2 2 2 1 0 1 0 1 1 1 1 1 0 1 1 1 1 1 
0 1 0 1 0 1 1 0 1 0 1 1 1 1 1 0 0 0 1 0 1 1 1 1 1 1 1 0 1 1 1 1 1 1 1 1 1 1 0 1 1 1 0 1 1 0 1 0 1 1 1 1 1 1 1 0 1 0 1 0 1 1 0 1 1 1 1 0 0 1 1 1 1 0 1 1 1 1 1 1 1 1 1 1 1 1 1 1 1 1 1 1 1 1 1 1 0 1 0 1 1 0 0 1 1 1 1 1 1 1 1 1 1 1 1 0 1 1 1 1 2 1 0 2 1 2 0 2 0 2 1 2 0 2 1 2 2 1 2 1 0 1 0 2 2 0 1 1 2 1 1 1 1 1 1 1 1 1 1 1 
1 0 1 1 1 1 0 0 1 1 1 1 1 0 1 1 1 1 1 0 1 1 1 1 1 1 1 1 1 1 1 1 1 1 1 1 1 1 1 1 1 1 0 1 1 1 1 0 1 1 0 1 1 1 1 1 0 1 1 1 1 1 1 1 1 1 0 1 0 1 1 1 0 1 1 1 1 1 0 1 1 1 1 1 1 1 1 1 1 1 1 0 1 1 1 1 0 1 1 1 1 1 1 1 0 1 1 1 0 1 1 0 1 1 1 1 1 1 2 1 0 1 1 2 2 1 2 1 2 2 2 2 2 0 2 0 1 1 2 2 2 2 1 2 2 0 1 0 1 0 1 1 1 1 1 0 1 1 1 1 
0 1 1 1 1 1 1 1 1 1 1 1 1 1 1 1 0 1 1 1 1 0 0 1 1 1 1 1 0 1 1 1 1 1 1 1 1 1 1 1 1 1 1 1 1 1 1 1 1 1 1 1 0 1 1 1 1 1 1 1 1 1 1 0 1 1 1 1 1 1 1 1 0 1 1 1 1 1 1 1 1 1 1 0 1 0 1 1 1 1 1 1 1 1 1 1 1 1 1 0 1 1 0 1 1 0 0 0 1 1 1 1 1 1 1 0 0 0 1 2 0 2 2 1 1 2 2 1 0 1 1 2 2 1 1 1 0 0 0 1 0 1 0 2 2 1 0 1 2 0 1 1 1 1 1 1 1 1 1 1 
1 1 1 1 1 0 0 1 0 1 0 1 0 1 1 1 1 1 1 1 0 1 1 1 1 1 1 1 1 1 1 1 1 1 0 1 1 1 1 0 0 1 1 1 0 1 1 0 0 1 1 1 1 1 1 0 1 1 1 0 1 0 1 1 1 1 1 1 1 1 0 1 1 1 1 0 1 0 1 1 1 1 0 0 1 1 1 1 1 0 1 1 1 1 1 1 0 1 0 1 1 1 1 1 0 1 0 1 1 1 0 1 1 1 0 0 1 1 2 2 0 2 1 1 1 2 2 1 2 2 2 1 1 2 1 2 1 0 1 2 1 2 2 2 2 2 1 2 2 1 0 1 1 1 1 1 0 1 1 1 
1 0 1 0 1 1 1 1 1 0 0 1 1 1 1 0 0 1 1 1 1 1 1 1 0 1 0 0 1 1 1 0 1 1 1 0 1 1 1 1 1 1 1 1 1 1 1 1 1 1 1 1 1 0 1 1 1 1 1 1 1 1 1 1 0 1 1 1 0 1 1 1 1 1 1 1 1 0 1 1 0 1 1 0 1 0 1 0 0 1 0 1 0 1 1 1 1 1 1 0 1 1 0 1 0 0 1 1 1 1 0 1 1 1 1 1 1 1 2 2 2 2 2 0 2 0 2 0 1 0 0 2 2 2 2 2 0 0 0 1 0 0 0 2 0 1 0 2 2 0 1 1 1 1 1 0 1 0 1 1 
1 1 1 1 1 1 0 1 0 1 0 1 1 1 1 1 1 1 0 1 1 0 0 0 1 0 0 1 1 1 1 0 1 1 0 1 1 1 1 1 1 0 1 0 0 1 1 1 1 1 1 1 1 1 0 1 1 1 1 1 0 1 1 0 1 1 1 1 1 1 1 1 1 1 1 0 1 1 1 1 0 1 1 1 1 1 0 0 1 1 1 1 0 1 1 1 1 1 1 1 1 0 0 1 1 0 0 1 0 1 0 1 0 1 1 1 1 0 1 1 1 2 1 1 1 1 0 2 1 0 2 2 1 1 2 2 2 2 2 2 0 0 1 2 2 1 1 2 1 1 1 1 1 1 1 1 1 1 0 1 
1 1 1 1 1 1 1 1 1 0 0 1 0 1 1 1 1 1 1 0 0 0 1 0 1 1 1 1 0 0 1 1 1 1 0 0 1 1 1 1 0 1 1 1 1 1 1 1 1 1 0 1 0 1 1 0 1 1 1 0 1 0 1 1 1 1 1 1 1 1 1 1 1 0 1 1 1 1 1 0 1 1 0 1 0 1 1 1 1 1 1 0 1 1 1 1 1 1 1 1 1 0 1 0 1 1 1 1 1 0 1 1 1 0 1 1 1 1 1 1 2 0 2 0 1 1 1 0 2 2 1 2 1 2 0 0 1 1 2 2 1 1 1 2 2 2 2 1 1 1 1 0 0 1 1 1 1 1 1 1 
1 1 1 0 0 1 1 1 1 1 1 1 0 0 1 1 0 1 1 1 1 0 1 1 1 0 1 1 1 1 1 1 1 1 1 1 1 1 1 1 1 1 1 1 1 1 1 1 1 1 0 1 0 1 1 0 0 1 1 1 0 1 1 1 1 1 1 1 1 1 1 0 1 1 1 0 1 1 1 0 1 0 1 1 1 1 0 1 0 0 0 0 1 1 1 0 0 1 0 1 0 0 0 1 1 1 0 1 1 0 1 1 1 0 1 1 1 1 2 2 1 1 2 2 2 0 2 1 1 2 2 0 2 2 2 1 2 2 2 1 0 2 1 2 1 2 1 0 1 1 0 0 1 1 0 1 1 1 0 1 
1 1 1 0 0 1 0 1 1 0 1 0 1 1 1 1 1 1 1 1 1 0 1 1 1 1 1 1 0 1 1 1 1 1 1 0 1 1 1 0 1 1 1 1 1 0 1 1 1 1 1 1 1 1 1 1 1 1 1 0 1 0 0 1 0 1 1 0 0 1 0 1 0 1 1 1 1 1 1 1 0 1 1 1 0 1 1 1 1 0 1 1 1 0 1 1 1 1 0 1 1 1 1 1 1 1 1 1 1 1 1 0 0 0 1 1 1 1 1 2 2 2 1 0 2 2 0 2 1 0 1 1 0 0 2 0 0 2 0 1 0 2 2 0 1 0 1 2 2 1 1 1 1 1 1 1 1 1 0 1 
1 0 0 1 1 1 0 0 1 1 1 1 1 0 1 1 1 1 1 1 1 1 0 1 1 1 1 1 1 1 1 1 1 1 0 1 1 0 0 1 1 1 0 1 1 1 1 1 1 0 0 1 1 1 1 1 1 0 1 1 1 1 0 1 1 0 1 1 1 0 1 0 1 1 0 1 1 1 1 0 0 0 1 0 1 0 1 1 0 1 1 1 1 1 1 1 1 1 1 1 1 0 1 1 1 1 1 1 1 1 1 1 1 0 1 0 1 1 1 2 2 1 1 2 2 1 2 1 1 2 1 2 1 1 1 0 0 2 0 1 0 0 1 2 1 0 0 1 1 1 1 1 0 1 0 1 1 1 0 1 
1 1 1 1 1 1 1 1 0 1 1 1 1 1 1 1 0 1 1 1 0 1 1 1 1 1 1 1 1 1 1 1 0 1 1 1 1 1 1 0 1 1 1 1 1 1 1 1 1 1 1 0 0 0 1 1 0 1 1 1 1 1 1 0 1 1 0 0 0 1 0 1 1 1 1 1 1 1 1 1 1 0 1 1 1 1 0 1 0 1 1 1 1 1 1 1 0 1 0 1 1 1 1 0 1 1 1 1 1 1 1 1 1 1 0 1 1 1 0 1 1 2 2 2 1 1 2 2 1 2 2 1 1 2 1 1 2 1 1 0 1 0 2 0 1 0 1 2 1 1 1 1 1 0 1 1 1 0 1 1 
0 1 1 0 1 1 0 1 1 1 0 0 1 1 1 1 1 1 1 1 1 1 1 1 1 0 1 1 1 1 1 1 1 1 0 1 1 1 1 0 1 1 0 1 0 1 0 1 1 1 1 1 1 1 1 1 0 1 0 1 1 1 1 1 1 0 1 1 1 1 1 1 1 0 1 0 0 1 1 1 1 1 0 1 1 1 1 1 1 1 0 1 1 1 1 1 1 1 1 1 1 1 1 1 1 1 1 1 1 1 0 1 1 0 1 1 0 1 0 2 2 2 0 1 1 2 2 2 0 2 2 1 2 2 0 1 2 1 1 1 2 2 0 2 2 1 2 1 2 0 1 1 1 1 0 1 1 1 1 0 
1 1 1 1 1 1 1 1 1 1 1 1 1 1 1 1 1 1 0 1 1 1 0 1 1 0 1 1 1 1 1 1 0 1 1 0 1 1 1 1 0 1 1 1 1 1 0 0 1 0 1 0 1 1 1 0 1 1 1 1 1 1 1 1 1 0 1 1 0 1 1 1 0 1 1 1 0 1 1 0 1 1 1 1 1 1 1 1 1 1 1 1 1 1 1 1 1 0 1 0 1 1 0 1 0 1 1 0 1 0 0 1 1 1 1 0 1 1 1 0 2 1 2 0 1 1 0 1 0 2 2 1 2 2 1 0 2 1 2 1 1 1 2 1 2 2 2 0 1 1 0 0 0 1 1 0 1 1 1 1 
a a a a a a a a a a a a a a a a a a a a a a a a a a a a a a a a a a a a a a a a a a a a a a a a a a a a a a a a a a a a a a a a a a a a a a a a a a a a a a a a a a a a a a a a a a a a a a a a a a a a a a a a a a a a a a a a a a a a a a b a b a a b a a b b a a b a b a a a a b b a a b b b a a a b b a a a a a a a a a a a 
1 1 1 1 1 0 1 1 1 1 1 1 1 1 1 1 1 1 1 1 1 1 0 1 0 1 1 1 0 1 1 1 0 1 0 1 1 0 1 1 1 1 1 1 0 1 1 0 1 1 0 1 0 0 1 1 1 1 0 1 1 1 1 1 1 1 1 1 1 1 1 1 1 1 1 1 1 0 1 0 1 1 1 1 0 1 1 1 1 1 1 1 0 1 0 1 1 0 0 1 1 1 1 1 0 1 1 0 1 1 0 0 1 1 1 1 1 1 1 0 2 2 2 1 2 1 2 2 1 2 0 1 2 1 2 2 0 2 1 1 2 1 1 1 2 2 2 2 1 1 1 1 1 1 1 1 1 0 0 0 
0 1 1 1 1 0 0 1 1 1 1 1 0 1 0 0 1 1 1 1 1 1 1 1 1 1 1 1 1 1 1 1 0 1 0 1 1 1 1 1 1 0 1 1 0 0 0 1 1 1 1 1 1 1 1 1 0 0 0 1 0 0 0 1 0 1 1 1 0 1 1 1 1 1 1 1 1 1 0 0 1 1 1 1 0 1 1 0 1 1 1 1 1 1 1 1 1 0 0 0 1 1 1 1 1 0 1 1 1 1 1 1 1 1 0 1 1 1 1 1 2 1 1 2 2 2 1 1 1 2 1 1 0 2 1 2 0 0 2 1 0 2 1 0 1 1 0 0 0 0 1 0 1 1 0 1 1 1 1 1 
1 1 1 1 1 1 0 1 1 1 1 1 1 1 1 0 1 1 1 1 1 1 1 0 0 1 1 1 1 0 1 1 1 1 0 1 1 0 0 1 1 1 1 1 0 1 1 1 1 0 1 0 1 1 1 0 1 0 0 1 1 1 1 1 1 1 1 1 0 1 1 1 1 1 1 1 1 1 1 1 1 1 0 0 1 0 0 1 1 1 1 1 1 1 1 1 1 1 1 0 1 1 1 0 1 1 1 1 1 1 1 1 0 0 0 1 1 1 1 2 2 2 1 0 1 2 0 2 2 1 2 2 0 2 2 1 1 0 1 2 0 1 2 0 1 0 1 0 2 1 1 0 1 1 1 1 1 1 1 0 
0 1 1 1 0 1 1 0 1 1 1 1 1 0 1 1 1 1 1 1 0 1 1 0 1 1 0 1 1 1 1 1 1 1 1 1 1 1 0 1 1 1 1 1 1 0 0 0 0 1 1 0 1 1 1 0 1 0 1 1 1 1 1 1 0 0 1 1 1 1 1 0 0 1 1 1 1 1 1 1 1 1 0 1 1 1 1 1 1 1 1 1 1 1 1 1 1 0 1 1 1 1 1 1 1 0 1 0 1 1 1 1 1 1 1 1 1 1 2 0 2 1 2 0 0 1 1 0 1 1 1 1 0 2 0 1 1 1 2 2 1 1 1 0 2 1 0 2 2 1 1 1 1 1 1 1 1 1 1 1 
1 1 1 0 1 1 1 1 1 1 1 1 1 1 1 1 0 0 0 1 1 0 1 1 1 1 1 1 1 1 1 0 1 1 1 0 0 1 1 1 1 1 0 1 0 1 1 1 1 1 1 1 1 1 1 1 1 1 0 0 1 1 0 1 1 1 1 1 1 1 0 1 1 1 1 1 1 0 1 1 0 0 1 1 1 1 1 1 1 1 1 1 1 1 1 1 0 0 1 0 1 1 0 1 1 1 1 1 0 1 1 1 1 0 1 1 1 1 2 1 1 0 2 0 1 2 0 2 0 2 0 0 0 1 1 2 2 1 2 2 0 0 0 0 2 2 2 2 1 1 1 1 1 1 1 1 0 1 1 1 
1 1 1 1 1 1 0 1 1 1 1 0 1 0 1 1 1 0 0 1 0 1 0 1 1 1 0 1 0 0 0 0 1 0 1 1 0 1 1 1 1 1 0 1 1 1 1 1 1 1 1 0 1 1 1 1 1 1 1 1 1 1 1 1 0 1 0 0 1 1 1 1 1 0 1 1 0 0 1 1 1 1 0 1 1 0 1 0 1 1 1 0 0 1 1 1 1 1 1 1 0 0 0 1 1 1 1 1 1 1 1 1 1 1 0 0 0 1 1 1 0 1 0 1 2 1 2 2 1 2 2 1 1 0 0 2 2 1 1 2 2 2 1 1 1 1 2 1 1 1 1 1 1 1 0 1 1 1 1 0 
1 1 1 1 1 1 1 1 1 1 1 0 1 1 1 1 0 1 0 1 0 1 1 1 1 1 1 1 1 1 1 0 1 0 1 1 1 1 0 1 1 1 1 1 1 1 1 0 1 1 1 1 0 1 1 1 1 0 1 0 1 1 0 1 1 0 1 1 1 1 1 0 1 1 1 1 1 1 1 1 1 1 1 1 1 1 0 1 1 1 0 0 1 1 1 1 1 1 1 1 1 0 1 0 1 1 1 1 1 1 1 1 1 1 1 1 1 0 0 1 1 1 1 0 1 1 1 1 1 1 1 0 0 0 1 1 1 1 1 0 1 0 1 1 1 1 1 1 1 1 0 1 1 0 1 1 1 1 1 0 
1 0 1 1 1 1 1 1 1 0 1 1 1 1 1 1 1 1 0 1 1 0 1 1 1 1 0 0 1 1 1 1 0 1 0 0 1 1 1 1 0 1 1 2 1 0 1 1 1 1 1 2 0 1 1 1 2 1 1 2 2 2 1 0 2 1 2 0 2 2 0 2 2 1 1 1 1 1 1 0 1 0 0 1 1 0 0 0 1 1 1 1 1 1 1 1 1 0 0 1 1 1 1 0 1 1 0 1 0 1 0 1 1 1 1 1 1 1 1 1 1 1 1 1 1 1 1 1 1 1 1 1 1 0 0 1 0 1 1 1 1 1 0 1 1 1 1 1 1 1 1 1 0 1 1 0 1 1 1 0 
1 1 1 1 1 1 1 0 1 1 1 1 1 1 0 1 1 1 1 0 1 1 1 1 0 1 1 1 1 1 1 1 1 1 1 1 1 1 1 0 1 1 0 2 0 2 2 2 2 1 1 2 2 1 0 0 2 2 1 2 2 0 1 1 2 1 1 2 2 1 0 2 2 1 1 0 0 1 1 1 1 0 1 0 1 0 1 1 1 1 1 1 1 1 1 1 1 1 1 0 1 0 1 1 1 1 0 1 0 1 1 0 1 0 1 1 1 1 1 0 0 1 1 1 1 1 1 1 1 1 0 0 0 1 1 1 1 1 1 1 1 1 1 0 0 1 1 1 1 1 1 1 0 1 1 1 1 1 1 1 
0 0 1 1 0 1 1 1 1 1 1 1 1 0 1 1 0 1 1 1 0 1 1 0 0 1 1 1 0 1 1 1 1 1 1 1 1 0 1 1 1 1 1 2 1 1 2 0 2 1 1 0 1 2 0 0 1 1 2 2 1 1 1 2 1 1 0 2 0 1 1 1 1 1 1 1 0 1 0 1 0 1 1 0 1 1 1 1 1 0 1 1 1 0 1 1 0 1 1 1 1 1 0 1 0 1 1 1 0 1 0 1 1 1 1 1 1 1 0 1 1 1 0 0 1 1 1 1 1 1 0 1 1 1 1 1 0 1 1 1 0 1 1 1 1 1 1 1 1 1 1 1 1 1 1 0 1 1 1 1 
1 1 1 0 1 1 1 1 1 1 0 0 1 1 1 0 0 0 1 0 1 1 1 1 1 1 1 1 0 1 1 1 1 1 1 0 0 1 1 1 1 1 1 2 2 0 1 1 1 1 2 1 1 1 1 2 2 2 1 1 0 1 1 1 0 2 1 2 1 2 1 2 2 2 1 1 1 1 1 0 0 0 1 1 1 0 1 1 0 1 1 0 1 1 1 0 1 0 1 1 1 1 0 1 1 1 0 1 1 1 1 1 1 1 1 1 1 1 1 1 0 1 1 1 0 1 1 1 1 1 1 1 1 0 1 1 0 1 0 1 1 1 1 1 1 1 1 0 1 0 0 1 1 1 0 1 1 1 1 1 
1 1 1 1 0 1 0 1 1 1 1 1 0 1 1 1 1 1 1 1 0 1 1 1 1 1 1 1 1 1 1 1 0 1 1 1 1 0 1 1 1 1 1 1 0 1 2 1 1 1 1 0 0 2 2 0 1 1 2 2 1 0 2 2 1 1 0 2 1 1 2 2 2 0 1 0 1 1 1 0 1 1 1 1 1 1 0 1 1 1 1 1 0 1 0 1 1 1 1 0 0 1 1 0 1 0 1 0 1 1 1 1 1 1 1 1 1 1 1 0 1 1 0 1 1 1 1 1 1 1 1 1 1 1 1 1 1 0 1 1 1 1 1 1 1 0 0 1 1 1 1 1 1 1 1 1 1 1 0 0 
0 0 1 1 1 1 1 0 0 1 1 1 1 1 1 1 1 1 1 1 1 1 1 1 1 0 0 0 1 1 1 1 1 1 1 1 1 1 0 0 1 1 1 2 2 2 2 0 2 2 1 1 2 0 1 2 2 1 1 2 1 1 0 2 1 2 1 0 2 1 1 2 2 2 1 0 1 1 1 1 1 1 1 0 1 0 1 1 1 1 0 1 1 1 0 1 1 1 1 1 1 0 1 0 0 0 1 1 0 1 1 1 0 1 1 1 0 0 1 1 1 0 1 1 1 1 0 1 1 1 1 1 1 1 1 1 1 1 1 1 0 1 1 1 1 1 1 0 1 0 1 1 1 1 1 1 1 1 1 1 
1 0 1 1 1 1 0 1 1 1 0 1 1 1 1 1 0 1 1 1 1 1 1 1 1 0 0 1 1 1 0 1 1 1 0 0 0 1 0 1 1 1 1 1 1 1 2 0 2 1 0 2 0 0 0 0 1 1 2 1 0 2 2 1 2 1 2 2 1 1 2 0 2 1 1 1 1 1 1 1 0 1 1 1 0 1 0 1 0 1 0 1 1 1 1 1 1 1 0 1 1 1 1 0 1 1 1 1 1 1 1 1 1 1 1 1 1 0 1 1 1 0 1 1 1 1 1 1 1 1 1 0 1 1 1 1 0 1 1 1 1 0 1 1 0 1 1 1 1 1 1 1 1 1 1 1 1 1 0 1 
1 1 1 1 1 1 1 1 1 1 1 1 1 1 1 0 0 1 1 1 1 1 1 1 0 1 1 1 1 0 0 1 1 0 0 1 1 0 0 0 1 1 1 1 1 0 2 2 0 2 1 1 2 1 1 2 1 1 0 2 2 1 1 1 1 0 1 2 1 1 0 0 0 2 1 1 1 1 1 1 1 1 1 1 0 1 0 1 0 1 1 1 1 1 0 1 1 1 1 1 1 1 1 1 1 1 1 0 1 1 0 1 1 0 1 1 0 1 1 1 1 1 1 1 1 1 1 1 1 1 0 1 1 1 1 1 1 1 1 1 1 1 0 1 1 1 1 1 1 1 1 1 1 1 1 1 1 0 1 1 
a a a a a a a a a a a a a a a a a a a a a a a a a a a a a a a a a a a a a a a a a a a a a a b b b b b a a a a b a b b a b a b a b b a b a b a a b b a a a a a a a a a a a a a a a a a a a a a a a a a a a a a a a a a a a a a a a a a a a a a a a a a a a a a a a a a a a a a a a a a a a a a a a a a a a a a a a a a a a a a a 
1 1 1 0 1 0 1 1 0 1 1 0 1 1 1 1 1 1 1 1 0 1 1 1 1 1 1 1 1 1 1 1 1 0 1 1 1 1 0 1 1 1 1 1 1 1 0 2 1 1 2 2 0 0 2 1 1 2 2 1 1 1 2 2 2 1 0 0 0 2 0 2 0 2 1 1 1 1 1 1 1 1 0 1 1 1 1 1 0 1 0 1 1 1 0 1 0 1 1 1 0 0 1 1 1 1 1 0 0 1 1 1 1 1 1 1 1 1 1 1 1 0 1 0 0 1 1 1 1 1 1 1 1 1 1 1 0 1 1 0 1 0 1 1 0 1 0 0 1 1 1 1 0 0 1 1 1 1 1 1 
1 1 0 1 1 1 0 1 0 1 1 1 1 1 1 1 0 1 0 1 1 0 1 1 1 1 1 1 1 1 0 1 1 1 0 1 1 0 1 1 1 1 1 1 1 2 0 1 2 2 1 2 1 2 1 1 0 0 2 2 0 1 2 2 1 1 0 2 2 2 2 1 0 0 0 1 1 1 0 0 0 1 0 1 1 1 0 1 1 1 1 1 1 0 1 1 0 1 1 1 1 1 0 1 0 1 1 1 1 1 1 1 1 1 1 0 1 1 1 1 0 1 1 1 1 1 1 1 0 1 1 1 1 1 1 1 0 1 1 1 1 1 1 1 1 1 1 1 1 0 1 1 1 1 1 1 1 1 1 1 
1 1 1 1 1 0 1 1 1 1 1 1 1 0 1 1 1 1 1 1 1 1 0 0 1 1 1 1 0 1 1 1 0 1 1 0 1 1 1 1 0 1 0 0 1 2 2 2 2 1 2 2 1 2 2 2 0 2 0 1 0 0 1 1 1 1 1 1 1 2 1 2 2 0 1 0 0 1 1 1 1 0 0 1 0 1 1 1 1 0 1 1 0 1 1 1 1 1 1 1 1 1 1 1 0 1 1 1 1 1 1 1 1 1 0 1 1 0 0 1 1 1 0 1 1 1 1 0 1 1 0 0 1 1 1 1 1 1 1 1 1 1 1 0 0 1 0 0 0 1 1 1 1 1 1 1 0 1 0 0 
0 0 0 1 1 1 1 1 1 0 1 0 1 1 1 1 1 1 1 1 0 1 0 1 0 0 0 1 1 1 1 1 1 1 1 1 0 0 1 1 1 1 1 1 2 2 2 0 2 1 1 0 1 1 2 2 0 2 1 1 1 0 2 2 2 2 0 1 1 1 1 1 0 2 1 1 0 0 1 1 1 1 0 1 1 0 1 1 1 0 1 0 0 1 0 1 1 1 1 1 0 1 1 1 1 0 1 1 1 1 0 0 1 1 1 0 0 1 1 1 1 0 1 1 1 1 1 1 1 0 0 0 1 1 1 1 1 1 1 1 1 1 0 1 1 0 1 1 1 1 1 1 1 1 1 0 1 1 0 0 
1 1 1 1 1 0 1 0 0 1 1 0 1 1 1 1 1 1 1 1 1 1 1 1 1 1 1 1 1 1 1 1 1 1 1 1 1 1 1 1 1 0 1 0 2 2 2 0 1 0 1 2 2 1 2 0 2 0 2 1 1 0 2 1 1 2 1 2 1 2 2 1 2 0 1 1 0 1 0 1 1 1 1 1 1 1 1 1 1 0 0 1 0 1 1 1 1 1 1 1 1 1 1 1 1 1 0 1 1 0 1 0 1 1 1 0 0 1 1 0 0 1 1 0 1 1 1 0 1 1 0 1 1 1 1 1 1 1 1 1 1 0 0 1 1 1 0 0 1 0 1 1 1 0 1 1 1 1 1 1 
0 1 1 1 1 1 1 1 1 1 1 1 0 0 1 1 1 1 0 1 1 0 1 1 1 0 1 0 1 1 1 1 1 1 1 1 1 0 0 1 0 1 0 1 0 1 2 1 2 0 2 2 2 1 2 2 1 1 2 2 2 1 1 1 1 1 1 1 1 1 1 2 1 2 1 1 1 1 1 1 1 1 1 1 1 1 1 1 1 1 1 1 1 0 0 0 1 1 1 1 1 1 1 0 1 1 1 0 1 1 1 1 1 1 1 1 1 1 1 1 1 1 1 1 0 1 1 1 1 1 1 0 1 1 1 1 0 1 0 1 1 1 1 1 1 1 1 0 1 1 1 1 1 1 0 1 1 1 1 1 
0 1 1 1 1 1 1 1 1 1 1 0 1 1 1 1 1 1 1 1 1 1 1 0 0 1 1 1 0 0 1 1 1 0 1 1 0 0 0 1 1 1 1 1 1 1 1 0 1 0 1 2 2 2 2 2 0 1 1 2 1 0 0 1 1 1 0 1 1 1 0 2 1 0 1 0 0 1 1 1 0 1 0 1 1 0 1 1 1 1 1 1 1 1 1 1 1 1 1 0 1 0 1 1 1 1 1 1 1 0 0 1 1 1 1 1 0 1 1 1 1 1 1 0 1 1 1 1 1 1 1 1 1 1 1 0 0 1 1 1 1 1 1 1 1 1 0 1 1 1 1 1 1 1 0 1 1 1 1 1 
1 1 1 0 1 1 0 1 1 1 1 1 1 1 0 0 1 1 1 1 1 1 1 0 1 1 0 1 1 1 1 0 1 1 0 1 1 1 1 0 0 0 1 2 2 0 2 1 2 1 1 0 0 0 1 2 2 2 1 2 1 0 2 0 1 0 2 1 1 2 1 2 1 2 1 1 1 0 1 1 1 1 1 1 1 1 1 0 0 1 0 0 0 1 0 1 1 1 1 0 1 0 1 1 1 1 1 1 1 1 1 1 1 0 1 1 0 1 1 0 1 1 0 1 1 1 1 1 1 0 1 1 1 1 0 1 1 1 1 0 1 1 1 1 0 1 1 0 1 0 0 1 1 1 0 0 1 1 1 1 
1 1 1 1 1 1 1 1 1 1 0 1 1 1 1 0 0 1 1 1 1 1 1 1 1 1 1 1 1 0 1 1 1 1 1 1 1 0 1 1 1 0 1 2 1 1 2 1 0 0 0 1 1 0 1 0 2 1 1 2 2 0 2 2 2 1 1 2 1 2 1 0 1 1 1 1 1 1 1 1 1 1 1 1 1 1 1 1 1 1 0 1 1 1 1 1 0 0 1 1 1 1 1 1 1 0 1 0 1 0 1 1 1 0 1 1 1 1 1 1 1 1 1 1 1 1 1 1 1 1 1 1 1 1 1 1 1 1 1 0 1 1 1 1 1 0 1 1 1 1 0 1 1 1 1 1 1 0 1 1 
0 0 1 1 1 1 1 1 1 0 1 1 1 0 1 1 0 1 1 1 0 1 1 1 1 1 1 0 1 1 1 1 1 1 1 1 1 0 0 1 0 1 0 1 2 0 2 1 0 1 0 2 2 2 2 1 0 2 2 2 2 1 1 1 1 0 1 0 2 1 0 0 1 0 1 1 0 1 0 1 1 1 0 1 1 1 1 0 1 1 1 1 1 0 1 1 1 1 1 1 1 0 1 1 1 1 1 1 0 1 0 1 0 1 1 1 1 1 1 1 0 1 0 0 1 1 1 1 1 0 1 1 1 1 1 1 1 0 0 1 1 1 1 1 0 1 1 1 0 1 0 1 0 1 1 1 1 1 1 0 
1 1 1 1 1 0 1 1 1 1 1 1 0 0 1 1 0 1 1 1 1 1 1 0 0 1 1 1 1 1 0 1 1 1 1 1 1 1 1 1 1 1 1 1 2 1 2 1 2 2 0 0 2 1 2 0 2 2 0 0 1 2 2 1 0 1 2 1 0 2 1 0 2 2 1 1 1 0 1 1 1 1 0 1 1 1 1 1 0 1 1 1 1 1 1 0 1 1 1 1 1 0 1 1 1 1 1 1 1 0 0 1 1 1 1 1 1 0 1 1 0 1 1 0 1 1 1 1 1 0 1 1 1 1 1 1 0 1 1 1 1 1 1 0 1 0 1 0 0 1 1 1 0 0 1 1 1 0 0 0 
0 1 1 1 1 1 1 1 1 1 1 1 1 0 0 1 1 1 1 1 1 1 0 1 0 0 1 1 1 1 1 1 1 1 1 1 1 1 1 1 1 1 1 1 2 1 1 1 2 1 2 1 2 1 0 1 2 0 1 1 2 1 1 0 1 1 0 2 2 1 1 0 2 1 1 1 1 1 1 1 1 1 1 1 1 0 1 1 0 1 1 0 1 0 1 1 1 1 1 0 0 1 1 0 1 1 0 1 1 1 0 0 0 1 1 1 1 0 1 0 0 1 0 1 1 1 1 1 1 1 1 1 0 1 1 1 1 1 1 0 0 1 1 1 1 1 1 1 0 1 1 0 0 1 0 0 1 1 1 1 
1 0 1 1 1 1 1 1 0 1 1 1 1 1 0 1 0 1 1 1 0 1 1 1 1 1 1 1 1 1 1 1 1 1 0 1 1 1 1 1 1 1 1 2 2 2 2 1 1 2 1 2 0 2 1 2 0 1 2 2 0 1 1 1 1 0 0 2 1 0 2 2 2 1 1 1 1 1 1 0 1 1 1 1 1 1 1 1 1 1 0 1 1 1 1 1 1 1 1 0 0 0 1 1 0 0 0 1 0 0 1 1 1 1 0 1 1 0 1 1 1 1 0 0 1 1 0 1 0 1 1 1 1 1 0 1 1 1 1 1 0 1 1 1 1 1 1 0 1 0 1 0 1 1 1 0 1 1 1 0 
1 1 1 1 1 1 1 1 0 0 1 1 1 0 1 1 1 1 1 1 1 1 0 0 1 1 1 1 1 0 1 1 1 1 0 0 1 1 1 1 1 1 1 1 2 2 2 0 1 2 1 1 0 1 1 0 0 2 1 2 1 1 1 1 1 1 1 1 1 1 1 1 1 1 1 1 1 1 1 1 0 1 1 1 0 1 0 1 1 1 1 1 1 1 1 1 1 1 1 1 1 0 1 0 1 1 1 1 1 0 1 1 1 1 1 1 1 1 1 1 1 1 0 1 1 1 1 1 0 1 1 1 1 1 1 0 1 0 1 1 1 1 0 0 1 1 0 0 1 1 0 0 1 1 1 1 1 1 1 0 
1 0 1 1 1 1 1 1 1 1 1 1 1 1 1 1 1 1 1 0 1 0 0 1 1 1 1 1 1 0 1 1 0 1 1 1 1 1 1 1 1 1 1 1 0 0 1 1 2 1 1 1 0 2 2 1 2 1 2 1 2 1 0 2 2 2 1 1 0 2 1 2 2 1 1 1 1 1 0 1 1 1 1 1 1 1 1 1 1 0 1 0 1 1 1 1 1 1 1 1 1 0 1 1 1 1 1 1 1 1 1 0 1 1 1 1 1 1 1 1 1 0 0 1 1 1 1 1 0 1 1 1 1 1 1 1 1 0 1 0 1 1 1 1 1 1 1 0 1 1 1 1 1 1 1 1 1 1 1 1 
1 1 1 1 1 1 1 1 1 1 1 1 1 1 1 1 1 0 1 1 1 1 1 1 1 0 0 1 1 0 1 0 0 1 1 1 0 1 1 0 0 1 1 2 1 1 1 1 1 2 2 2 0 2 2 1 2 2 0 2 1 0 2 2 2 1 1 0 0 1 2 2 1 1 1 1 0 0 1 1 1 0 1 0 0 0 1 1 1 1 1 1 0 1 1 0 1 1 1 1 0 1 1 1 1 0 1 1 1 1 1 1 0 1 1 1 1 1 1 1 1 1 1 0 1 0 1 1 1 1 1 1 1 1 1 1 1 1 1 1 0 1 1 1 0 0 1 1 1 1 1 1 1 1 1 1 1 1 1 0 
1 1 1 1 0 1 0 1 1 1 1 1 1 1 1 0 0 1 1 1 1 1 1 1 0 1 1 0 0 0 0 0 1 1 1 1 1 1 1 0 1 1 0 2 2 2 1 2 1 2 2 2 1 0 2 1 2 0 1 0 2 1 2 2 0 1 2 1 0 2 1 0 1 1 1 0 0 1 0 0 1 1 1 1 1 1 1 1 1 1 1 0 1 1 1 0 1 0 1 1 1 1 0 1 1 1 1 1 1 1 1 1 1 0 1 0 1 0 0 1 1 1 1 1 1 1 0 1 0 1 1 1 0 0 1 1 1 1 1 1 0 1 0 1 1 1 1 1 1 1 1 1 1 0 1 1 1 1 0 1 
1 0 0 1 0 1 1 1 1 1 1 1 1 1 1 1 1 1 1 1 1 0 1 1 1 1 1 1 0 1 1 0 0 0 1 1 1 0 1 1 0 1 1 1 1 0 1 1 2 1 0 0 1 2 0 1 0 1 0 2 0 2 1 0 1 1 1 1 0 0 2 2 1 2 1 1 1 1 1 1 1 1 0 1 0 1 1 1 1 1 0 1 1 0 0 1 1 1 1 1 1 1 1 1 0 0 1 0 1 1 1 1 0 1 1 1 0 1 1 1 0 0 1 1 1 0 1 1 1 1 1 1 1 1 1 1 0 1 0 1 1 1 1 1 0 1 1 1 1 1 0 1 1 0 1 1 1 0 1 1 
1 0 1 0 1 1 1 1 1 0 1 1 1 0 1 1 1 1 1 1 1 0 1 1 1 1 1 1 1 1 0 1 0 0 1 1 1 0 0 1 0 0 1 2 0 1 2 1 1 1 2 2 1 1 0 0 1 2 1 1 2 1 1 1 2 0 1 1 0 1 0 2 0 0 1 0 1 1 1 1 1 1 1 1 1 1 1 0 1 1 1 1 1 1 0 1 1 1 1 0 1 1 1 0 1 1 1 1 0 1 1 0 1 1 1 1 1 1 0 1 1 1 1 1 1 1 1 1 1 0 1 0 1 1 1 1 1 1 1 1 1 1 1 1 1 1 1 1 1 1 1 0 1 1 1 1 1 1 1 0 
1 1 1 1 0 1 1 1 1 0 1 0 1 1 1 1 1 1 1 1 1 1 0 1 1 0 0 1 0 1 0 1 1 0 0 1 1 1 1 0 0 1 1 1 1 2 1 2 2 2 2 1 1 2 1 1 1 1 0 1 2 2 1 2 2 0 0 2 2 1 0 1 1 1 0 1 1 1 1 0 1 1 1 1 1 1 1 1 1 1 1 1 1 1 1 1 1 1 0 1 0 1 0 1 1 1 1 1 1 1 1 0 1 1 1 1 0 0 1 1 1 1 1 0 1 1 1 1 1 1 1 1 0 1 0 1 1 0 1 1 1 1 1 1 1 1 1 1 1 1 1 0 1 0 1 1 0 0 0 1 
1 0 1 1 0 1 1 1 1 1 1 1 1 1 1 1 1 1 0 1 1 1 1 1 1 1 1 1 1 1 1 0 1 0 1 1 1 1 1 1 1 1 1 1 1 2 0 1 0 2 2 1 0 2 0 2 2 1 2 1 2 2 2 1 1 2 2 1 2 0 1 2 1 1 1 1 1 1 1 0 1 1 1 1 1 1 1 1 1 1 0 1 1 1 1 0 0 1 1 0 0 0 1 1 1 1 1 1 1 1 1 1 1 0 1 1 1 1 1 1 1 1 1 1 1 1 1 0 1 1 1 0 1 1 0 1 1 1 1 1 1 1 1 1 0 1 0 1 1 1 0 1 0 1 1 1 1 0 1 1 
1 1 1 0 1 1 1 0 1 1 0 1 0 0 1 1 1 1 0 1 1 1 1 1 1 1 1 1 0 1 1 1 1 1 1 1 0 1 1 1 1 0 1 2 0 2 0 1 1 2 2 1 0 1 1 0 2 1 0 1 2 0 0 1 2 0 1 1 2 1 0 2 0 2 0 1 2 2 1 2 2 2 0 1 1 1 1 2 0 0 1 0 1 1 1 1 0 1 0 1 1 0 1 1 0 1 0 1 1 1 1 0 1 1 1 1 1 1 1 1 0 1 1 1 1 1 1 1 1 1 1 1 1 1 1 1 1 1 1 1 1 1 1 1 1 1 1 1 1 1 1 1 0 0 1 1 1 1 1 1 
0 1 1 1 1 1 1 1 1 1 1 0 1 1 1 0 0 0 1 1 0 1 1 1 0 1 1 0 1 1 1 1 0 1 1 1 0 1 1 1 0 1 1 1 0 1 1 1 1 0 1 1 0 1 0 0 1 1 1 1 1 2 1 1 2 1 1 2 0 2 1 1 0 1 1 1 0 1 2 0 0 2 2 2 0 0 2 2 2 1 0 1 0 1 0 1 1 1 1 1 0 0 1 1 0 1 1 1 1 1 1 1 0 0 0 1 1 1 1 1 1 1 1 1 1 1 1 1 0 0 1 1 1 1 1 1 0 0 0 1 1 1 1 1 1 1 0 1 1 0 1 0 1 0 1 1 1 1 1 0 
1 1 0 1 1 1 1 1 1 1 1 1 1 0 1 1 1 1 0 1 0 1 1 1 0 1 1 1 1 1 1 1 1 1 0 1 0 1 1 1 1 1 1 1 1 1 1 1 1 1 0 1 1 1 1 1 0 1 1 1 1 2 0 2 2 1 0 2 0 2 1 0 1 1 2 0 2 1 1 2 1 0 1 1 2 1 0 2 0 1 1 1 1 1 1 0 0 1 1 0 1 1 1 1 1 1 1 1 0 0 1 1 1 0 1 1 1 1 0 1 1 0 0 1 1 1 1 0 1 1 0 1 0 1 1 1 1 1 1 1 1 1 1 1 1 1 1 0 1 0 0 1 1 1 1 1 1 0 0 1 
1 1 1 0 0 0 0 1 1 1 1 1 0 1 1 1 1 0 1 0 1 1 1 1 1 1 1 1 1 1 1 1 1 1 1 1 0 1 1 1 1 1 1 1 1 1 1 0 0 1 1 1 1 1 1 0 1 1 1 2 2 1 0 1 1 2 1 1 1 1 1 2 2 0 2 0 0 1 2 2 1 1 2 1 2 0 1 2 1 1 1 1 1 1 0 1 1 0 1 1 0 1 1 1 1 1 1 0 1 1 1 1 1 1 1 0 0 1 1 1 1 0 1 0 0 1 1 1 0 1 1 1 0 1 1 1 1 1 0 1 1 1 0 1 0 1 1 1 0 1 1 1 1 0 1 1 1 1 0 1 
0 1 1 1 1 1 1 1 1 1 1 1 1 1 0 1 1 1 1 0 0 1 1 0 1 0 1 1 1 1 1 1 1 1 1 1 0 0 1 0 1 0 1 1 1 1 1 1 1 1 1 0 1 1 1 1 1 0 1 1 0 2 2 1 2 2 1 1 2 2 1 1 1 2 1 1 2 1 1 1 2 1 2 2 1 1 1 1 2 1 1 1 1 1 1 1 1 1 0 1 1 1 0 1 0 1 1 1 0 1 0 1 1 1 1 1 1 0 1 0 1 1 0 1 0 1 1 1 1 1 1 1 1 1 0 1 1 1 1 0 0 1 1 0 1 1 1 0 1 1 1 1 1 1 1 1 1 1 1 1 
1 1 0 1 0 0 1 0 1 1 1 1 0 1 1 1 1 1 1 0 0 1 1 0 1 1 1 1 1 1 0 1 1 0 0 1 1 1 1 1 0 0 1 1 1 1 1 1 1 1 1 1 0 1 1 1 1 1 0 2 2 0 1 1 1 2 0 1 1 2 2 1 2 2 1 0 2 1 1 0 2 2 1 1 2 1 0 2 1 0 1 1 1 1 1 1 1 0 0 1 0 1 0 1 1 1 1 1 0 1 1 1 1 1 0 0 1 1 1 1 1 0 1 1 1 1 1 1 0 1 1 1 1 1 0 1 1 1 0 0 1 1 1 1 1 1 0 1 1 1 1 1 0 1 1 0 1 1 1 1 
1 1 0 0 1 1 1 1 0 1 0 1 1 1 1 1 1 1 1 0 1 1 1 1 0 1 1 1 1 1 1 1 1 1 0 1 0 0 1 1 0 1 1 1 1 0 1 1 1 0 0 1 0 1 1 1 1 1 2 1 1 1 1 1 0 2 1 1 1 1 1 0 2 1 1 0 1 1 2 2 1 1 2 1 2 1 1 2 0 1 1 1 1 1 1 1 1 0 0 1 1 0 0 1 1 1 1 1 1 1 1 1 0 1 0 0 1 1 1 1 0 1 0 1 1 1 0 1 0 1 1 1 1 1 0 1 1 1 0 0 1 1 1 1 1 1 1 0 1 1 1 0 1 1 1 0 1 1 1 1 
1 1 0 0 1 1 1 1 1 1 0 1 1 0 1 1 1 1 1 1 1 1 0 1 1 1 1 1 1 1 0 1 0 0 1 1 1 0 1 1 1 1 1 1 0 0 0 1 1 0 1 1 0 1 1 1 1 1 1 2 1 2 1 2 1 2 1 2 1 1 2 2 1 2 2 2 2 2 2 2 1 1 1 2 2 1 0 2 0 1 0 1 1 1 1 1 1 0 0 0 1 1 0 1 1 0 1 1 1 1 1 1 1 0 1 1 1 1 1 1 1 1 0 1 1 1 1 1 1 1 1 1 0 1 1 0 1 0 1 0 1 1 1 1 1 1 1 1 0 1 1 1 1 1 1 1 1 1 1 1 
1 1 0 1 1 1 1 1 0 0 1 1 1 1 0 1 1 1 1 1 0 0 1 1 1 1 1 0 0 1 1 1 1 0 1 1 1 1 1 1 0 1 1 0 1 1 1 1 0 1 1 1 1 1 1 1 1 0 0 2 0 1 2 0 2 1 2 2 1 1 1 2 1 0 2 1 0 2 2 2 1 2 2 1 2 2 2 1 2 1 1 1 1 1 1 0 1 1 1 1 0 1 1 1 1 1 1 1 1 1 1 0 1 0 1 0 1 1 1 1 1 1 1 1 1 0 1 1 1 1 1 1 1 1 1 1 1 1 1 0 1 1 1 0 1 1 1 1 1 1 1 1 1 1 0 0 1 1 1 1 
1 1 1 1 1 1 1 1 1 1 1 1 1 0 0 0 1 1 0 1 1 1 2 0 1 1 0 1 0 1 1 0 0 0 1 1 2 1 0 1 2 0 2 0 2 2 2 2 0 1 2 2 2 1 1 1 1 0 1 2 1 1 0 1 2 1 1 2 2 0 0 2 1 2 2 2 1 2 2 1 1 2 2 2 1 0 1 2 2 0 0 0 0 1 1 0 1 1 1 1 1 1 0 1 1 1 1 0 1 0 1 1 1 0 1 1 1 1 0 0 1 1 1 1 1 0 1 1 1 0 0 0 1 0 1 1 1 1 1 1 1 1 1 1 1 0 1 1 1 0 1 1 1 1 0 1 1 1 1 1 
1 1 0 1 1 1 1 1 0 1 1 0 0 1 1 1 1 1 0 1 0 1 1 1 2 0 1 1 1 2 0 1 0 1 2 2 2 2 1 0 2 2 0 2 2 2 2 2 0 2 1 2 2 1 1 0 1 1 1 1 1 2 1 1 2 2 0 1 1 2 2 1 1 0 2 2 0 0 1 1 2 2 2 2 2 1 0 1 2 1 1 1 1 0 0 1 1 0 1 1 1 1 1 1 1 1 1 0 1 1 1 0 0 1 1 0 1 0 0 0 1 0 1 0 1 0 1 0 1 1 0 1 1 0 1 1 1 0 1 1 1 1 0 1 1 1 1 1 1 1 1 0 0 1 0 1 1 1 1 1 
1 1 1 0 1 1 1 1 1 1 1 0 1 0 0 1 1 0 1 1 0 1 2 1 1 0 0 2 2 1 0 0 2 1 1 2 1 2 1 1 0 2 2 2 1 2 1 2 2 1 1 1 0 1 1 1 1 0 1 1 0 0 1 1 2 2 1 2 2 2 0 0 0 2 2 0 0 1 2 2 2 0 2 0 0 1 2 1 1 1 1 1 1 1 0 1 1 1 1 1 1 1 1 1 1 1 1 1 0 0 1 1 1 1 1 1 0 0 1 0 0 0 1 0 1 1 1 1 1 1 1 1 1 0 1 1 1 1 1 1 0 1 0 1 1 1 0 1 1 1 1 1 1 1 0 1 1 1 0 1 
a a a a a a a a a a a a a a a a a a a a a a a a a b a a b b b b a b b b a b b a b b b a a a b a b a b b a a a a a a b b a a a b a b a a a b b a b b b a a a a b b b b a b b a a a a a a a a a a a a a a a a a a a a a a a a a a a a a a a a a a a a a a a a a a a a a a a a a a a a a a a a a a a a a a a a a a a a a a a a a a 
0 1 1 1 1 1 1 1 0 0 1 1 1 1 1 1 1 1 1 1 1 1 2 1 1 0 1 1 1 2 0 1 2 1 0 2 0 2 2 2 2 0 2 2 0 0 2 1 1 2 2 1 2 1 1 1 1 1 1 0 0 1 2 2 1 0 2 1 1 2 1 2 1 2 2 0 1 2 0 2 0 2 2 2 2 1 2 1 1 1 1 1 1 0 1 1 1 1 1 0 1 0 1 1 1 1 1 1 1 1 1 1 1 1 1 1 1 1 1 1 1 0 1 1 0 1 1 1 1 1 1 1 1 1 1 0 1 1 1 1 1 1 0 1 0 0 1 1 1 1 1 1 1 1 0 0 1 0 1 1 
1 1 1 1 1 1 0 1 1 1 1 1 1 1 0 0 1 1 1 1 1 0 2 0 1 1 2 2 0 0 1 1 2 2 2 2 1 2 2 2 0 2 2 0 2 1 2 0 2 2 2 0 1 1 0 0 1 1 2 2 1 1 1 2 2 2 2 2 2 2 1 0 0 2 2 2 2 1 0 2 2 1 2 0 0 1 1 0 2 1 1 1 1 1 1 0 1 1 1 1 1 0 1 1 1 1 1 1 1 2 2 1 1 1 0 2 1 1 2 2 2 0 2 2 1 0 1 2 1 0 1 1 1 1 1 2 2 2 2 1 1 1 1 0 1 1 1 1 1 1 0 1 0 1 1 1 1 1 1 1 
0 1 1 1 1 0 0 1 1 1 1 1 1 1 1 1 1 1 2 0 1 2 0 2 2 1 1 2 0 1 0 2 2 2 1 1 1 1 1 2 1 2 2 2 2 1 1 2 1 1 2 1 2 1 1 1 1 1 1 2 1 2 0 2 1 0 1 2 1 2 2 0 2 0 1 2 1 1 2 1 0 0 0 2 0 1 0 2 1 1 1 1 1 1 0 1 1 1 0 1 1 1 1 1 0 1 1 1 0 1 1 0 2 2 2 1 2 2 1 0 1 2 2 1 2 0 0 2 1 1 2 1 1 0 0 2 0 1 1 1 1 0 1 1 1 1 1 1 1 1 0 1 1 0 0 1 1 1 1 1 
1 1 1 1 1 1 1 1 1 1 1 1 1 1 1 1 0 2 1 1 0 1 1 2 1 2 1 2 2 2 2 2 2 2 1 2 2 1 2 0 0 0 1 2 1 2 2 1 1 2 2 2 1 1 0 0 1 1 2 2 1 1 1 2 2 1 1 0 2 1 2 1 2 1 0 1 2 0 0 0 2 2 2 1 1 1 2 2 2 0 1 1 1 1 1 1 0 1 0 1 1 1 1 1 1 1 0 1 2 1 0 1 2 1 1 2 0 1 1 0 1 0 1 1 1 1 0 2 1 1 2 1 0 2 2 2 0 1 0 1 1 1 1 1 1 1 0 1 0 0 0 1 1 0 1 1 1 1 1 0 
1 1 1 1 1 1 1 1 2 0 1 2 0 2 1 2 2 2 2 1 2 2 2 2 0 0 2 2 0 2 1 2 2 2 0 2 2 0 1 1 2 2 2 2 2 1 0 2 1 0 0 2 0 1 1 1 1 1 0 2 1 1 2 2 2 1 2 1 2 2 1 0 2 0 2 2 2 2 1 1 1 2 2 2 1 2 0 1 0 0 0 1 1 1 0 1 1 1 1 1 1 1 1 1 0 1 1 0 1 1 2 1 1 1 2 2 1 2 2 2 2 1 2 1 2 1 1 2 2 0 2 1 1 1 2 1 0 2 2 1 0 1 1 1 1 1 1 0 1 0 1 0 1 1 1 0 1 0 0 0 
2 2 0 0 2 2 2 1 2 2 1 0 0 2 0 2 2 0 1 2 1 2 2 2 0 2 0 1 2 0 2 2 2 2 2 2 2 2 2 0 2 1 1 2 2 0 1 1 1 2 2 2 1 1 1 1 1 0 2 2 2 1 1 2 1 2 2 1 1 2 1 2 2 0 1 1 0 1 1 1 1 0 0 1 1 1 1 2 0 1 0 1 0 1 1 1 1 0 1 0 1 1 1 1 1 1 0 1 1 2 2 2 1 1 1 0 2 1 1 1 2 1 0 2 1 2 2 1 1 1 1 1 1 0 2 2 2 1 2 0 1 1 1 1 1 1 0 1 0 1 1 1 1 0 1 1 0 0 1 1 
0 2 2 1 2 2 2 0 2 1 2 1 2 0 2 0 1 1 2 2 2 0 2 2 0 0 2 2 0 0 2 0 2 2 2 1 2 2 2 2 0 1 1 1 0 2 2 1 2 2 2 2 2 1 1 1 1 1 0 2 2 1 0 1 1 1 2 2 2 2 2 2 1 2 2 1 0 0 2 1 1 2 2 2 1 0 0 1 1 1 1 1 0 1 1 1 1 1 1 1 1 0 1 1 1 1 0 0 0 1 1 2 1 1 2 1 2 2 2 0 2 0 2 1 2 2 2 2 2 1 2 1 2 1 1 1 1 0 1 1 0 1 0 1 1 1 0 1 1 1 1 1 1 0 1 1 1 0 1 1 
1 2 2 0 2 1 2 2 1 0 1 1 2 1 0 0 0 1 1 2 2 2 2 1 1 0 0 2 1 2 1 0 2 2 2 2 1 2 2 2 1 2 1 2 2 1 1 1 1 1 1 2 2 1 1 1 1 1 2 1 2 2 1 1 2 2 2 0 2 2 1 2 0 1 0 2 1 0 1 2 2 1 1 2 2 2 1 2 1 1 1 1 1 1 1 1 1 1 1 1 1 1 1 1 1 1 0 1 2 1 2 1 2 2 2 1 1 1 2 2 1 2 0 2 2 1 1 1 0 1 1 1 2 2 0 0 1 1 1 1 0 1 1 1 1 0 0 1 1 0 0 1 1 1 1 1 1 0 1 1 
1 1 2 1 1 1 0 2 0 0 0 2 0 2 2 2 2 2 2 2 2 2 1 2 2 0 1 2 0 1 0 2 0 1 2 2 2 1 1 2 2 2 2 2 0 2 0 2 1 2 2 2 0 1 1 0 1 1 1 2 1 1 0 1 1 2 2 2 2 0 0 0 2 0 1 0 1 0 1 1 1 2 1 0 0 0 2 2 2 1 1 1 1 1 1 0 1 1 1 1 0 1 1 1 1 1 0 1 1 2 1 2 0 2 2 2 2 0 1 0 1 2 0 2 1 0 1 0 2 2 2 1 2 2 1 0 2 1 0 1 0 0 1 0 1 0 1 1 1 1 1 1 1 1 1 1 1 1 1 1 
2 1 1 2 1 1 0 1 2 1 2 2 0 1 0 2 2 1 2 1 2 2 0 2 0 0 2 2 2 2 0 1 0 1 2 2 2 2 2 1 0 2 1 0 0 2 2 1 1 1 2 0 1 1 1 1 1 0 2 0 0 2 0 2 1 2 2 2 1 2 2 1 0 1 0 0 0 1 0 2 2 2 2 1 1 0 0 1 2 1 1 1 1 1 0 1 0 1 1 1 1 1 1 0 1 1 1 1 2 1 0 1 1 2 0 0 2 0 1 2 2 2 2 1 1 0 1 1 1 2 0 0 0 0 2 2 2 0 2 1 1 1 1 0 1 1 1 1 1 1 0 1 1 1 1 1 1 1 1 1 
0 1 1 1 2 1 1 1 2 2 2 2 1 1 0 2 2 1 0 2 2 1 2 2 0 1 2 1 2 2 2 2 2 0 0 2 2 2 2 0 2 2 2 1 1 2 2 2 2 1 2 1 0 1 1 0 0 1 0 1 0 1 2 1 1 1 1 0 1 1 1 1 1 1 1 2 2 1 1 1 0 0 1 1 0 1 0 1 1 1 1 1 1 1 1 1 1 1 1 0 1 1 1 1 1 1 1 1 2 1 2 1 2 2 1 2 2 2 1 0 1 2 0 0 0 2 1 2 1 0 1 1 1 1 2 1 2 1 0 1 1 1 1 1 1 0 1 0 1 1 0 1 1 1 1 1 1 1 1 1 
2 2 2 0 0 1 1 2 0 1 2 1 2 0 2 2 2 2 2 1 2 0 2 0 2 1 0 2 2 0 2 0 1 2 2 2 1 2 1 2 2 2 2 2 2 2 0 0 1 2 1 2 1 1 1 1 1 1 0 0 0 1 0 2 1 1 2 1 0 2 2 1 2 2 2 0 0 2 0 2 0 2 2 2 0 2 2 0 1 1 1 0 1 1 1 1 1 1 1 1 0 1 1 1 1 1 1 1 2 0 2 1 2 2 1 2 1 1 1 2 2 1 2 2 2 1 1 1 1 1 2 2 1 2 1 2 1 1 1 1 1 0 1 1 1 1 1 1 0 1 1 1 1 1 1 1 1 1 1 1 
2 1 1 1 2 1 1 1 1 1 1 0 1 1 0 1 0 0 2 0 2 2 2 2 1 2 2 1 2 2 0 2 2 0 2 2 2 0 2 2 0 2 1 1 2 2 2 1 1 1 1 1 1 1 1 0 0 0 2 2 2 2 0 0 2 1 2 2 0 0 0 2 0 2 2 2 0 0 0 2 2 2 2 2 2 2 2 2 1 1 1 1 1 1 1 1 1 1 0 0 1 0 1 1 1 1 1 1 0 1 2 2 1 2 1 1 0 1 2 0 0 2 0 2 2 1 1 1 1 1 1 2 2 2 0 1 2 2 2 1 1 1 1 1 1 1 0 1 1 1 1 1 0 1 1 1 1 1 1 1 
0 0 1 0 2 2 2 1 0 1 0 1 1 0 0 0 2 2 2 2 2 2 0 2 0 0 2 0 0 1 0 2 1 2 2 2 0 2 2 2 1 0 2 1 1 1 2 1 2 1 2 0 2 1 1 1 1 1 2 2 2 2 2 2 2 0 2 2 0 2 2 2 2 2 2 1 0 2 2 2 2 2 2 1 2 2 2 1 1 1 1 1 1 1 1 1 0 1 0 1 1 1 1 1 1 1 0 1 1 2 1 2 2 1 1 2 1 1 2 2 0 2 0 1 0 1 1 2 1 2 1 2 2 2 1 2 1 1 1 0 1 1 1 0 0 1 0 0 1 1 1 0 1 1 1 1 1 1 1 1 
2 2 0 2 2 1 1 2 2 2 1 1 2 2 0 0 0 1 2 2 2 0 1 1 2 1 2 2 2 0 0 2 2 0 1 1 2 0 2 1 2 2 1 0 1 1 2 2 2 2 0 2 0 1 1 1 1 1 2 2 0 2 2 0 2 1 2 2 2 2 1 0 2 0 2 2 0 2 1 0 0 2 1 2 2 2 2 2 1 1 1 1 0 1 1 1 0 0 1 1 1 1 1 1 0 0 1 1 1 1 1 2 1 0 1 1 1 2 0 2 2 1 2 1 1 2 0 1 0 1 2 0 2 0 0 0 2 2 1 1 1 1 1 1 1 1 1 1 1 1 1 1 1 1 0 1 1 1 1 1 
1 1 1 1 0 2 1 1 1 2 1 0 2 0 2 0 2 0 0 2 2 1 2 2 2 2 1 1 1 1 1 0 2 2 2 2 1 2 2 2 0 2 0 0 2 2 1 1 1 0 1 2 1 1 1 1 1 1 2 1 0 0 2 2 0 2 2 2 0 2 1 2 0 0 2 0 2 2 0 0 2 2 0 2 1 2 2 2 1 1 1 1 0 1 0 0 1 1 1 1 1 1 1 1 1 0 1 1 2 2 1 1 1 1 2 2 0 1 2 1 0 2 1 1 1 2 0 1 2 2 1 1 2 1 2 1 1 2 2 1 1 0 1 1 1 1 1 1 1 1 1 1 1 0 1 1 1 1 1 1 
0 2 0 0 1 1 1 2 0 1 2 0 2 2 2 2 2 2 2 1 1 2 2 2 2 0 2 2 1 2 1 1 2 2 2 2 2 2 2 2 0 2 2 2 2 0 2 0 0 1 1 2 1 1 1 0 1 1 0 2 2 2 2 1 1 2 1 2 1 1 0 2 2 2 1 2 1 2 2 1 2 0 1 1 2 2 2 2 0 1 0 1 1 1 0 0 1 0 1 0 1 1 1 1 1 1 1 0 1 0 2 2 0 1 1 0 2 1 2 1 2 2 2 2 1 1 2 2 2 2 1 1 1 1 2 2 1 0 1 1 1 0 1 1 1 1 1 1 1 1 1 1 1 1 1 1 1 1 1 0 
2 2 1 0 2 0 2 2 0 2 2 1 2 2 0 1 0 2 2 1 1 0 2 2 0 2 2 2 2 2 2 0 2 0 0 2 2 2 1 2 2 1 0 0 1 0 2 2 0 1 1 1 2 0 1 1 1 1 2 2 2 1 2 2 0 2 0 2 1 2 2 0 0 2 2 1 1 1 2 0 2 2 1 2 2 1 1 2 0 1 1 1 0 1 0 1 0 1 0 1 1 1 0 1 0 0 0 1 1 0 2 1 2 2 1 0 0 2 2 1 0 0 2 2 2 2 2 2 2 2 1 2 1 0 2 2 2 1 1 0 1 1 1 0 1 1 1 0 0 1 0 1 1 1 1 1 1 1 1 1 
2 0 0 0 1 1 2 1 1 1 2 0 1 2 0 2 2 0 2 0 2 0 2 2 2 2 2 0 2 2 1 2 2 0 2 2 2 2 1 0 1 1 2 2 2 0 1 2 0 1 1 2 0 1 1 1 1 1 2 1 1 2 2 0 2 1 2 0 1 2 2 2 1 2 1 1 2 2 1 1 2 2 2 1 1 1 2 1 1 1 1 1 0 1 1 1 1 1 1 1 1 1 1 1 1 1 1 1 0 1 1 2 0 1 2 2 2 2 2 2 0 1 1 2 0 0 0 1 2 2 0 2 2 2 0 1 2 0 1 1 1 1 1 0 1 1 0 1 1 1 1 1 1 1 1 1 1 1 1 0 
1 1 2 1 1 2 2 2 0 2 0 2 1 1 2 2 2 2 2 2 2 2 0 0 2 2 2 2 1 2 1 2 2 2 2 1 2 2 2 2 2 2 2 1 2 2 1 0 1 1 2 2 2 1 0 0 1 2 0 1 1 1 2 1 1 1 0 0 1 1 1 2 0 2 2 2 1 0 1 1 1 2 1 1 2 2 2 2 1 0 1 1 1 0 0 0 0 0 0 1 1 0 1 1 1 1 1 1 2 2 2 1 2 2 2 2 1 0 1 1 2 2 2 0 2 1 2 1 1 2 2 0 2 2 2 0 2 2 0 0 1 1 1 0 1 1 0 1 0 1 1 0 1 1 1 1 1 0 1 1 
2 0 2 2 1 1 1 1 1 1 1 2 2 1 2 2 2 2 1 2 2 1 2 0 2 2 2 2 1 2 2 0 2 2 2 2 0 2 2 2 0 2 2 2 2 0 1 1 2 1 1 1 2 1 1 1 1 1 2 1 1 0 1 1 1 0 2 0 2 2 2 1 2 1 1 0 1 1 2 1 2 1 0 1 2 0 2 0 1 0 1 1 1 0 0 1 1 1 0 1 1 1 1 0 1 1 1 1 2 2 1 1 1 2 2 1 1 1 2 1 2 2 0 2 1 0 1 2 2 0 2 2 2 0 0 0 1 0 2 1 1 1 1 1 0 1 1 0 1 1 1 1 1 0 1 1 1 0 1 1 
2 2 2 0 0 1 1 0 2 0 0 0 2 1 2 2 0 2 2 1 2 1 0 0 2 2 1 2 1 2 2 1 2 2 2 2 2 2 2 0 2 2 0 1 2 1 1 2 0 2 1 0 1 1 1 1 1 1 0 2 2 1 1 0 2 1 2 2 1 2 2 1 1 0 0 2 2 2 2 1 2 1 0 1 0 1 2 0 1 0 1 1 1 0 1 1 1 0 1 1 1 1 1 1 1 1 1 1 2 2 1 0 1 0 1 0 2 1 0 1 1 2 2 1 1 1 1 1 0 1 1 0 1 2 2 0 1 2 0 1 1 1 1 0 1 0 1 1 1 1 1 0 1 1 1 1 1 1 1 1 
2 2 1 0 1 2 0 1 1 1 1 2 0 1 1 2 2 1 2 2 1 2 2 0 2 1 2 0 1 0 2 2 0 2 2 2 0 2 2 2 2 0 2 2 2 1 1 1 1 2 1 2 1 1 0 1 1 0 2 1 1 2 2 1 1 2 2 0 2 0 1 0 1 0 1 0 0 1 1 2 1 2 1 2 1 2 0 1 1 1 1 1 0 1 0 1 1 0 1 1 1 0 1 0 1 1 1 1 0 1 0 0 1 2 0 1 2 0 1 1 2 1 0 0 2 1 2 2 2 2 2 1 0 2 2 0 2 2 1 0 1 1 1 1 1 1 1 1 1 1 1 1 1 1 1 1 1 1 0 1 
1 0 1 0 1 2 1 1 1 0 2 2 2 2 2 1 2 2 2 0 0 1 2 1 2 2 2 2 0 2 2 0 2 2 1 2 2 2 1 2 2 2 0 2 0 1 1 2 1 0 1 1 2 1 0 1 0 2 2 2 2 2 2 1 1 2 1 1 2 0 2 2 1 1 2 0 2 1 1 0 2 2 0 1 1 1 0 2 1 1 1 1 1 1 1 0 1 1 1 1 0 1 1 1 1 1 1 0 2 0 2 1 1 0 1 2 2 2 0 2 1 2 2 2 2 2 2 2 2 1 1 1 1 1 1 2 2 2 0 0 1 1 1 1 1 1 0 1 1 1 1 1 1 0 0 1 1 1 0 0 
1 1 1 1 0 2 1 1 1 1 1 0 1 2 2 0 2 2 1 2 0 2 2 1 2 2 2 0 0 2 2 2 1 2 2 2 2 0 2 2 0 1 2 1 0 1 0 0 2 2 0 2 1 1 0 1 1 0 0 1 2 2 0 0 1 0 0 0 2 1 1 2 1 1 2 1 1 1 2 1 2 2 2 1 1 2 1 2 1 1 1 1 1 1 1 1 1 1 1 1 0 1 0 1 1 0 1 1 1 1 0 1 1 0 2 1 2 0 2 2 0 2 1 1 0 1 2 2 1 0 2 1 0 2 1 2 2 2 1 1 0 1 1 1 1 1 0 1 1 1 1 1 1 1 1 1 1 1 1 1 
2 2 1 0 2 2 2 0 1 2 0 2 2 1 2 1 2 2 1 2 2 2 2 1 1 2 2 2 2 2 2 0 2 2 2 2 2 0 1 2 1 2 1 2 2 2 1 1 2 2 1 0 2 0 1 1 1 1 1 0 2 1 0 2 1 0 2 2 1 2 1 1 1 1 1 1 2 1 0 0 0 1 2 2 2 2 2 0 1 1 1 0 1 1 0 1 1 1 1 1 0 1 1 1 1 1 1 1 1 2 0 1 2 2 0 1 1 2 2 0 0 2 1 1 1 1 1 0 0 1 1 2 2 1 1 2 2 1 0 1 1 0 1 1 1 1 0 1 1 1 1 0 1 0 0 1 1 0 0 0 
2 0 0 2 1 1 1 2 2 0 2 1 1 1 2 1 1 1 2 1 2 0 0 2 0 1 1 2 0 2 2 2 2 2 2 2 2 2 2 2 0 0 2 1 2 1 1 1 2 0 1 1 1 1 0 1 0 1 0 2 2 0 1 0 1 0 1 2 1 1 2 1 1 2 2 0 2 1 2 1 2 1 0 2 2 2 0 2 1 1 1 1 1 1 1 1 0 1 1 0 1 1 1 1 1 1 0 1 1 1 1 2 2 0 1 0 1 2 2 2 1 1 0 1 2 1 2 1 2 2 1 2 0 2 2 2 1 1 1 1 1 0 1 1 1 1 1 1 1 1 0 1 1 1 1 1 1 0 1 1 
1 2 1 2 1 1 2 2 2 2 2 0 0 0 1 2 2 2 2 1 2 2 2 2 0 2 1 1 1 0 2 2 2 1 0 1 0 1 1 2 1 2 1 2 1 1 1 1 1 1 0 0 1 1 1 1 1 2 0 2 0 1 0 0 1 2 2 2 1 1 1 0 2 1 1 1 2 1 1 2 0 1 0 1 2 1 2 0 1 1 1 1 1 1 1 1 1 1 1 1 1 1 1 1 0 0 1 0 1 1 2 0 2 1 0 2 2 2 2 0 1 2 1 1 2 2 2 1 1 1 1 1 2 1 1 2 2 2 1 1 0 1 0 0 1 0 0 1 1 0 1 1 0 1 1 1 1 1 1 1 
0 2 0 0 0 1 1 2 1 1 2 1 1 2 2 0 1 1 2 2 2 0 2 2 0 1 1 2 2 2 0 0 1 2 2 2 0 2 2 1 2 2 1 2 2 0 1 1 1 1 1 1 1 1 0 0 1 1 0 2 1 2 0 0 0 1 1 0 2 0 0 2 1 0 0 0 2 2 0 1 2 1 2 2 0 1 2 1 1 0 1 1 1 1 0 1 1 1 0 1 1 1 1 1 1 0 1 1 1 1 1 0 1 0 1 0 1 2 2 1 1 1 0 0 2 1 1 0 2 1 1 2 1 0 2 2 0 1 0 1 1 1 0 1 0 0 1 1 1 1 1 1 1 1 1 1 1 1 0 1 
0 1 2 1 1 0 2 2 1 1 1 1 0 2 2 1 2 1 0 2 2 2 0 2 1 1 1 1 1 2 2 2 1 1 0 2 1 1 0 2 2 2 1 1 1 1 0 0 1 0 1 1 0 0 1 1 0 0 0 1 1 2 0 2 1 1 2 1 2 2 1 1 1 0 2 1 1 0 1 2 2 1 1 2 1 1 0 1 1 0 1 1 1 1 1 1 1 0 0 1 0 1 1 1 1 1 1 1 2 2 2 2 1 1 0 2 0 1 1 0 1 2 2 1 1 2 1 0 1 1 1 1 2 2 0 1 0 2 2 0 1 1 1 0 1 1 1 1 1 1 1 1 1 1 0 1 1 1 1 1 
0 2 1 1 0 2 1 1 0 1 0 1 1 1 1 2 2 0 2 2 2 0 0 2 1 2 1 2 1 1 1 2 0 2 1 2 0 2 2 2 1 0 1 1 1 1 1 0 1 1 1 1 1 1 0 0 1 2 1 1 1 2 1 1 1 1 2 1 2 0 2 0 1 1 1 0 1 2 2 2 1 0 1 2 2 0 1 0 1 1 1 1 1 1 0 1 1 1 0 1 1 1 1 0 1 1 1 1 1 2 2 2 2 2 2 2 2 1 1 1 1 0 1 2 0 0 1 2 1 2 2 1 1 1 1 1 1 1 1 0 1 1 1 1 1 1 1 1 1 1 1 1 1 1 1 1 1 0 1 1 
1 2 0 1 2 2 0 1 0 2 0 1 1 2 1 0 2 1 0 2 2 2 2 1 1 0 2 1 2 2 2 2 0 2 0 2 1 2 2 1 1 1 1 2 0 1 0 1 0 1 0 1 1 1 1 1 1 0 1 1 1 2 1 1 1 2 2 0 2 2 1 0 0 2 2 0 2 1 2 0 1 2 0 1 1 1 1 2 0 1 1 1 0 1 1 0 1 1 1 1 1 0 1 0 0 1 1 1 1 0 1 2 2 1 2 2 1 2 1 2 0 0 2 2 1 1 1 2 2 2 1 0 1 1 0 0 2 2 2 0 1 1 0 0 0 1 1 1 1 1 1 0 1 1 1 0 1 0 1 1 
0 2 0 2 1 1 2 1 2 2 1 2 0 1 2 1 0 2 2 2 2 2 2 2 2 2 2 1 2 1 2 1 2 0 2 1 2 0 2 1 1 1 1 2 1 0 1 1 1 1 0 0 1 0 0 0 0 2 1 0 0 2 2 2 1 1 0 2 1 2 0 0 2 2 2 1 0 2 2 0 1 0 1 1 2 2 2 2 1 1 1 0 1 0 1 0 0 1 1 1 1 1 1 0 1 1 1 1 1 0 1 1 1 1 0 1 1 1 1 1 1 0 1 1 1 1 1 1 1 1 0 1 1 1 1 0 1 1 1 1 1 1 1 1 1 1 1 0 1 1 1 1 1 1 0 1 1 0 1 0 
a b b a b a b a a a a a a a b a a b b a b a a a a a a a a a a a a a a a a a a a a a a a a a a a a a a a a a a a a a b a b b a b a b b a b a a b b a b b a b a a a b a a b a a b a a a a a a a a a a a a a a a a a a a a a a a a a a a a a a a a a a a a a a a a a a a a a a a a a a a a a a a a a a a a a a a a a a a a a a a a 
2 0 0 2 2 2 0 2 0 2 2 2 1 1 2 0 2 0 2 1 2 1 2 1 0 1 1 1 1 1 1 1 1 0 1 1 1 1 1 1 1 1 1 1 1 1 1 0 1 0 1 1 1 1 1 1 1 0 0 2 2 0 1 1 0 1 0 2 2 1 1 1 2 2 1 0 1 2 1 1 2 2 1 1 0 0 1 1 1 1 1 0 1 0 1 1 1 1 1 1 1 1 1 1 1 1 1 1 1 1 1 1 1 1 1 1 1 0 0 1 1 1 1 1 1 1 1 0 1 1 1 1 1 1 1 1 1 0 0 0 0 1 1 1 1 0 1 1 1 1 1 0 0 1 1 1 0 1 0 1 
0 1 1 1 1 1 1 1 0 0 1 1 1 1 1 1 1 1 1 1 1 1 1 1 1 0 1 1 1 1 1 0 1 0 1 1 1 1 1 0 1 1 1 1 1 1 0 1 0 0 1 1 1 1 1 1 0 2 2 1 0 2 1 0 2 2 1 2 0 1 0 1 1 1 2 2 2 0 1 1 1 1 2 2 1 2 0 2 0 1 1 1 0 1 0 1 0 1 1 1 0 0 1 1 0 1 1 1 1 1 1 0 1 1 1 1 1 1 1 0 1 1 1 1 1 1 1 1 1 1 0 0 0 1 0 1 1 1 1 1 1 1 0 1 0 1 1 1 1 1 1 0 1 1 1 0 1 1 1 1 
1 1 1 1 1 0 1 1 1 0 1 1 1 1 1 0 1 1 0 1 1 1 1 1 0 1 1 1 1 1 1 1 1 1 1 1 1 0 1 0 1 1 1 0 1 1 0 1 1 1 1 1 1 1 1 1 1 2 1 1 0 0 1 1 1 2 2 1 1 1 1 2 2 1 0 0 2 1 0 0 2 0 1 2 2 2 2 1 0 1 1 1 1 1 1 1 1 1 1 1 1 1 1 0 1 0 1 1 1 1 1 1 0 0 1 1 0 0 0 1 0 1 0 1 1 1 1 1 1 1 1 0 1 1 1 0 1 1 1 1 1 1 0 1 1 1 1 1 1 1 1 1 1 1 0 1 1 1 1 0 
1 1 1 0 1 1 0 1 0 1 1 1 1 1 1 1 1 0 1 1 0 1 1 1 1 0 1 1 1 1 1 1 1 1 1 1 1 1 1 1 1 1 1 1 1 1 1 1 0 1 1 0 1 1 0 0 0 0 1 2 1 0 0 1 1 0 1 1 1 2 1 2 0 2 1 2 2 0 0 1 2 0 2 2 0 2 1 0 1 0 0 0 0 0 1 1 1 1 1 1 1 1 1 1 1 1 1 1 1 1 1 1 1 1 0 1 1 0 1 0 1 1 1 1 1 1 1 0 0 0 1 1 1 1 0 0 1 0 0 1 1 1 1 1 1 1 1 1 1 1 1 1 1 1 0 1 1 1 1 1 
1 1 1 1 1 1 1 1 1 1 1 1 0 1 1 0 0 0 1 1 0 1 1 0 0 0 0 1 0 0 1 1 1 1 1 1 0 1 1 0 1 1 1 1 1 0 1 1 1 1 1 1 1 1 1 0 0 2 0 1 1 1 2 1 2 2 1 1 1 2 2 2 2 1 1 0 0 0 2 0 2 0 0 1 1 1 1 1 1 1 1 0 1 1 1 1 1 1 1 1 1 1 1 0 1 1 1 1 1 1 1 1 1 1 1 1 0 0 1 1 1 1 0 1 1 1 1 0 1 1 1 1 1 0 1 0 1 0 0 1 1 1 1 1 1 1 1 1 1 1 1 1 1 1 0 0 1 1 1 1 
0 1 0 1 1 1 1 1 1 1 1 1 0 0 1 0 1 1 0 1 1 1 0 1 0 1 1 1 1 1 0 1 1 1 1 1 1 1 1 1 1 1 1 1 1 0 1 0 1 1 0 0 0 1 0 0 1 1 2 2 0 1 1 1 1 2 2 1 0 2 2 2 2 2 0 2 1 1 2 1 2 2 1 2 2 0 1 1 1 1 0 1 0 0 1 0 1 1 1 1 1 1 1 1 1 0 0 1 0 1 1 0 1 0 1 0 1 1 1 1 1 0 0 1 1 1 1 1 1 1 1 1 0 1 1 1 1 1 1 1 1 1 0 1 1 1 1 1 1 0 1 0 1 1 1 1 1 1 0 1 
0 1 0 0 1 1 1 1 1 1 1 0 1 1 1 1 1 0 0 1 1 1 0 1 1 1 1 1 1 1 0 1 0 1 0 1 0 0 1 1 1 1 0 1 0 1 1 1 1 1 1 1 0 1 1 1 1 2 2 0 2 2 2 1 1 1 1 2 1 2 1 1 2 2 2 2 2 1 1 2 1 0 1 2 2 1 0 0 1 1 1 0 0 1 1 0 1 1 1 0 0 1 1 1 1 0 1 1 1 1 1 1 0 1 0 1 0 1 0 0 1 0 0 1 1 1 1 1 1 1 1 1 1 1 1 1 1 0 0 1 0 1 1 1 1 0 0 1 1 1 1 1 0 1 0 1 1 1 1 1 
1 1 1 0 1 1 1 1 1 1 1 1 0 0 1 1 1 1 1 1 1 1 0 0 1 1 1 1 1 1 0 1 1 1 1 1 1 1 0 0 1 1 1 1 0 1 1 1 1 1 1 1 1 1 1 1 1 2 2 1 2 0 1 2 0 2 1 0 1 1 2 2 1 1 2 1 2 1 2 0 2 2 1 1 0 2 2 0 1 1 1 1 0 1 1 1 0 1 1 1 1 0 1 1 1 1 1 1 0 1 1 1 0 1 1 1 0 0 1 1 1 0 1 1 1 0 1 1 1 1 1 0 0 0 1 0 0 1 1 0 0 1 0 1 0 1 1 0 1 1 0 0 0 0 1 1 1 0 1 1 
1 1 1 1 1 1 1 1 1 1 0 0 0 0 1 0 1 1 0 1 1 1 1 1 1 0 1 0 0 1 0 1 1 1 1 1 1 1 1 1 0 1 1 0 1 1 0 0 1 1 1 1 0 0 1 1 1 1 1 1 1 0 1 1 1 1 1 0 1 1 1 1 0 1 1 0 1 1 1 1 0 1 0 0 1 1 0 0 1 1 1 1 1 1 1 1 0 1 1 1 1 1 1 1 1 1 1 1 1 1 1 1 1 0 0 1 1 1 1 0 1 0 1 1 1 1 1 1 0 1 1 1 1 1 0 1 1 1 1 1 1 1 1 1 0 0 1 0 0 1 0 1 1 0 1 1 1 0 1 1 
1 1 1 1 1 1 1 1 1 1 1 1 1 1 1 1 1 0 1 0 0 1 1 1 1 1 1 1 1 1 1 1 0 1 1 1 0 1 1 1 1 1 1 1 1 1 1 1 1 1 1 1 1 1 0 1 0 1 1 0 0 1 0 1 1 1 1 0 1 1 1 1 1 1 1 1 1 1 1 0 1 0 1 0 1 1 1 1 1 1 1 1 0 0 1 1 1 1 1 1 1 1 1 1 1 1 0 1 1 1 1 1 1 1 1 1 1 1 0 1 1 1 1 1 1 1 1 1 1 1 1 1 0 1 1 1 1 1 1 1 1 1 0 1 1 1 1 1 1 1 1 1 1 0 1 1 1 1 1 1 
