113 140
105 7
94 73
93 0
85 34
52 24
14 11
38 56
29 94
22 80
2 2 2 1 1 2 0 2 2 2 0 1 2 1 a 1 2 2 2 1 1 1 2 1 1 2 1 1 1 1 1 1 1 1 1 1 1 1 1 1 1 0 1 1 0 1 0 1 1 1 0 0 1 1 1 1 0 1 1 a 0 1 0 1 1 1 1 1 1 1 1 1 1 1 1 1 0 1 1 1 1 0 0 1 0 1 1 1 1 0 1 1 1 1 1 1 0 a 1 1 0 1 1 1 0 1 1 0 1 1 1 0 0 1 1 1 1 0 0 0 1 1 0 1 1 0 1 0 1 1 0 1 1 1 0 1 1 1 0 1 1 1 0 a 1 0 1 1 1 1 0 1 1 1 1 1 1 1 1 1 
1 2 1 0 0 2 2 2 1 1 2 2 2 1 a 2 2 2 1 2 2 1 2 0 2 2 0 1 1 1 1 1 1 0 1 1 1 1 1 0 0 0 1 1 0 1 1 1 1 0 1 1 1 1 0 1 0 1 1 a 1 1 1 1 1 1 1 0 1 1 0 1 1 1 1 0 1 0 1 1 1 1 1 1 1 1 1 1 1 1 1 1 1 1 1 1 1 a 1 1 1 1 0 1 1 1 1 1 1 1 1 1 1 1 1 0 1 1 1 1 1 1 1 1 1 1 1 1 0 0 0 1 1 0 1 1 1 1 1 1 1 1 0 a 1 1 1 1 1 0 1 1 1 0 1 1 1 1 0 1 
0 2 1 1 1 2 1 2 0 1 2 0 2 1 b 0 1 2 1 1 1 1 1 0 2 2 0 1 1 1 1 1 1 0 1 1 1 1 1 1 1 1 1 1 1 1 1 0 1 1 1 1 1 1 1 1 1 1 1 a 0 1 1 0 0 1 1 1 0 1 1 1 1 1 1 1 1 1 1 1 1 1 1 1 0 1 1 1 1 1 1 1 1 1 0 1 1 a 1 1 0 1 1 0 1 1 0 1 1 1 1 1 1 1 1 0 0 0 1 1 0 0 0 0 1 0 1 1 1 1 1 1 0 1 1 1 1 1 1 1 1 1 1 a 0 1 1 1 1 1 1 0 1 1 1 1 1 1 1 1 
1 0 1 0 1 0 2 1 2 2 1 1 0 0 b 2 1 0 1 2 2 0 2 2 2 2 2 0 1 1 1 1 1 1 1 1 1 1 0 1 1 0 1 1 1 1 0 0 1 1 1 0 1 1 1 0 1 1 1 a 1 1 1 1 0 1 0 1 1 0 1 1 1 0 0 1 0 1 1 1 1 1 1 1 1 1 1 1 1 1 1 1 0 1 0 1 0 a 0 1 1 1 1 1 1 1 1 0 1 1 1 1 0 1 1 1 1 0 1 1 1 1 1 1 1 1 0 0 0 0 1 1 0 0 0 1 1 1 1 0 1 1 1 a 1 1 0 0 1 1 1 1 1 1 1 0 1 1 1 1 
2 1 2 0 0 2 2 1 0 0 2 2 0 1 a 0 2 2 2 0 2 0 2 2 0 0 2 1 0 1 1 1 1 1 1 1 1 1 1 1 0 1 1 1 1 1 1 1 1 1 1 1 1 1 1 0 1 1 1 a 1 1 1 1 1 1 0 0 1 0 1 1 1 1 1 1 1 1 1 1 1 0 1 1 1 1 1 1 1 1 1 1 1 1 1 1 1 a 1 0 1 1 1 1 0 1 1 1 1 1 1 1 1 1 1 1 1 1 1 1 1 1 0 0 1 1 0 1 1 1 1 1 1 1 0 0 0 1 0 1 1 1 1 a 1 0 1 1 1 0 1 1 1 1 1 0 1 1 1 0 
2 0 1 1 1 0 1 1 1 0 2 2 1 2 b 1 1 2 2 2 2 2 1 2 0 1 2 1 1 1 1 1 1 1 0 0 1 1 1 1 0 1 1 1 1 1 1 1 1 1 1 1 1 1 0 1 1 0 1 a 1 0 1 1 1 1 1 1 1 1 1 1 0 1 1 1 1 1 0 1 1 0 1 1 1 1 1 1 1 1 0 1 0 0 1 1 1 a 1 1 1 1 1 1 1 0 1 1 1 0 1 1 1 0 1 1 1 1 1 1 0 1 1 1 1 1 1 1 1 1 1 1 1 1 1 0 1 0 1 0 1 1 0 a 0 1 1 1 1 1 1 1 0 1 1 1 0 1 1 1 
1 1 2 0 2 2 1 1 1 1 2 2 2 1 b 2 1 2 1 1 1 1 1 1 0 2 0 1 1 1 0 0 1 1 0 1 0 1 1 1 0 1 1 1 1 1 1 0 0 1 1 0 1 1 0 1 1 1 1 a 0 1 1 1 1 1 1 1 0 0 1 1 1 1 1 0 1 1 1 1 1 1 1 1 1 1 1 1 1 1 1 1 0 1 1 1 1 a 1 1 1 1 1 1 1 1 1 1 1 1 1 1 0 0 0 1 1 1 1 0 1 1 1 1 1 1 0 1 1 1 1 1 0 1 1 1 1 1 1 1 1 1 1 a 1 1 1 1 1 1 1 1 1 1 1 1 0 1 1 1 
2 2 2 0 1 1 2 1 2 0 0 2 0 0 a 2 2 2 1 2 2 2 2 2 2 2 0 0 0 0 1 1 0 1 0 1 1 1 1 1 0 1 1 1 1 1 1 1 0 1 1 1 1 0 0 0 1 0 1 a 1 1 0 1 1 2 0 0 2 2 1 1 2 1 1 1 2 2 0 0 1 0 2 2 2 2 1 2 1 2 2 2 2 0 2 1 1 a 1 1 1 1 0 0 1 0 1 1 1 1 0 1 0 1 1 1 0 0 0 1 1 1 1 1 0 1 1 1 1 1 1 1 1 1 1 1 1 0 0 1 1 1 1 a 1 1 1 1 1 0 1 1 0 1 1 1 1 1 1 1 
2 1 0 0 1 0 1 1 2 1 0 0 1 1 a 2 2 2 1 1 2 0 2 2 1 2 2 1 0 1 1 0 1 0 1 1 1 1 1 1 1 1 1 0 0 1 1 1 0 1 1 1 1 1 1 1 1 1 1 a 1 0 0 1 1 1 0 1 1 1 2 1 0 2 1 0 2 1 0 0 0 2 2 2 1 0 2 1 1 2 1 0 1 1 0 1 1 a 0 0 1 1 1 0 1 1 1 1 1 1 1 1 1 1 1 1 1 1 0 1 1 1 1 1 0 1 1 1 1 0 1 1 1 1 1 0 1 1 1 0 1 0 1 a 1 1 1 1 1 0 0 1 0 1 1 1 1 1 0 1 
0 2 1 1 0 1 1 2 1 1 0 0 0 1 b 0 0 2 0 1 2 1 0 1 1 1 1 0 0 0 1 0 1 1 1 1 0 0 0 1 1 0 1 1 1 1 1 1 1 1 1 1 1 1 1 1 0 1 1 a 1 1 0 1 1 2 2 1 1 0 2 2 2 2 2 1 0 2 1 1 0 2 0 0 1 1 2 1 0 0 0 1 0 1 0 2 1 a 1 1 0 1 1 1 1 1 0 1 1 1 1 0 0 1 1 0 1 1 1 1 1 1 0 1 1 1 1 1 1 1 1 0 0 1 1 1 1 1 1 1 0 1 1 a 1 0 0 1 1 1 1 1 1 1 1 1 1 1 1 0 
2 2 2 0 1 1 2 2 1 2 2 2 1 2 a 2 2 1 2 2 0 2 1 2 2 2 0 1 1 1 0 1 1 1 1 1 1 1 1 1 1 1 1 1 1 1 1 1 1 1 1 1 1 1 0 1 0 1 1 a 0 1 1 0 1 1 2 0 1 2 1 2 1 1 2 2 1 2 1 1 1 2 1 2 0 1 1 0 2 1 1 0 2 2 1 2 1 a 1 1 0 1 1 1 1 0 1 1 1 1 1 1 1 1 1 1 1 1 1 0 0 1 0 1 1 1 1 0 1 1 1 1 1 0 1 1 1 1 1 1 0 1 1 a 1 1 1 1 1 1 1 1 0 1 1 0 1 0 1 1 
2 1 0 0 1 1 2 1 0 2 2 2 1 1 a 1 2 1 1 2 2 1 2 0 1 2 1 1 0 0 1 1 1 1 1 1 1 1 1 1 0 1 1 1 1 1 1 1 1 1 1 1 1 1 1 1 1 1 1 a 1 1 1 0 1 1 2 2 1 0 2 1 2 0 1 2 2 1 1 1 2 1 0 1 1 0 1 2 2 1 2 2 2 2 2 1 1 a 1 0 1 1 1 1 1 0 1 0 1 1 0 1 1 1 1 0 1 1 1 1 1 1 1 1 0 1 1 1 1 1 1 1 1 1 1 1 1 1 1 0 1 1 0 a 0 1 1 1 1 1 1 0 1 1 1 1 1 1 0 1 
2 0 2 1 2 0 2 1 2 1 1 0 2 2 a 0 2 0 2 2 2 0 2 1 0 2 0 0 1 1 1 1 1 0 1 1 0 1 0 1 1 1 1 1 1 1 1 1 1 1 1 1 1 1 0 0 1 1 1 a 1 1 0 0 0 1 1 2 2 2 0 2 2 2 1 1 1 2 2 2 2 2 1 1 2 1 0 2 1 2 2 2 2 1 1 2 0 a 0 0 1 0 1 1 1 1 1 1 1 1 1 1 0 0 1 1 1 1 1 1 1 1 1 1 0 1 0 1 1 1 1 1 1 0 0 1 1 1 1 1 0 0 1 a 1 1 1 1 1 1 0 1 0 0 1 1 1 1 1 1 
0 1 1 2 1 0 1 1 2 2 2 0 2 0 a 1 1 0 1 2 0 0 1 0 0 1 0 1 0 1 1 0 1 1 1 1 0 1 1 1 1 1 1 1 1 1 0 1 0 1 1 1 1 0 1 1 1 1 0 a 1 1 1 1 1 1 1 2 2 0 1 2 2 2 1 2 0 1 1 2 2 0 1 2 2 0 2 0 2 1 0 1 1 0 1 1 1 a 1 1 1 1 1 1 1 0 1 1 1 1 1 1 1 1 1 1 1 1 1 1 1 1 1 1 1 1 1 1 0 1 1 1 0 1 1 0 1 1 0 1 0 0 0 a 1 1 1 1 1 1 1 0 1 1 1 1 1 0 1 1 
0 2 2 2 2 2 1 2 0 1 2 0 2 0 a 1 1 0 1 1 1 1 2 1 2 1 2 1 1 0 1 1 1 0 0 1 1 0 1 1 0 0 1 1 0 1 1 1 1 1 1 1 1 1 1 1 1 1 1 a 0 1 1 1 0 1 2 1 2 1 2 2 1 2 2 1 2 2 1 2 2 2 0 2 2 2 2 2 0 0 2 2 2 2 2 2 2 b 1 2 2 1 0 1 2 2 1 0 1 2 1 1 1 1 1 0 1 1 1 1 0 0 1 1 1 1 1 1 0 1 0 1 0 1 0 1 1 1 1 1 1 1 1 a 1 1 0 1 0 1 1 0 0 0 1 1 1 1 1 1 
1 2 1 1 2 1 1 1 1 1 1 2 1 1 a 0 0 1 1 2 1 0 2 2 0 0 2 0 1 1 0 1 1 1 1 0 1 1 1 1 0 1 0 0 1 1 0 1 0 1 1 1 1 0 1 1 1 0 1 a 1 1 1 1 0 0 1 1 0 2 1 2 2 1 2 1 2 1 1 2 1 2 2 1 2 2 2 2 0 2 2 0 1 2 2 2 1 b 1 1 1 2 2 1 2 2 2 0 1 1 1 1 1 1 1 1 1 1 1 1 1 1 1 1 1 1 1 1 1 0 1 1 1 0 0 1 1 1 0 1 1 1 1 a 1 1 1 1 1 1 1 1 1 1 1 0 1 1 1 1 
1 1 1 2 0 1 2 2 0 2 1 1 1 2 a 0 2 2 1 2 2 1 1 1 2 1 2 1 0 1 1 1 1 1 1 0 0 1 1 0 1 1 1 1 1 0 1 1 1 1 1 1 0 1 1 1 1 1 0 a 1 1 1 1 1 1 2 1 2 2 2 2 2 1 1 2 2 1 1 2 1 2 2 2 2 2 1 0 2 2 2 2 2 2 0 2 1 b 1 2 1 1 1 2 2 0 2 1 1 0 1 1 1 1 0 1 1 1 1 0 1 1 0 1 0 1 1 1 1 1 1 1 1 0 1 0 1 1 1 1 1 1 1 a 1 1 1 1 0 1 1 1 1 1 1 1 0 0 0 1 
1 0 1 2 1 0 2 2 2 1 1 0 2 2 a 1 1 1 2 1 2 2 2 2 0 1 2 0 1 1 1 0 1 0 1 1 1 1 1 1 0 1 1 1 1 1 1 1 1 1 0 1 1 1 0 0 1 1 0 a 1 1 1 1 1 1 2 1 2 2 1 1 1 1 0 1 1 2 1 2 0 2 2 0 0 2 0 0 1 1 2 2 2 1 2 0 1 a 1 1 2 2 1 1 2 2 1 2 2 1 0 1 0 1 1 1 1 1 1 1 1 1 1 0 1 1 1 1 1 1 1 1 1 1 1 1 1 0 1 1 1 0 1 a 1 1 0 1 1 1 1 0 1 1 1 1 0 1 0 1 
2 1 1 1 1 0 0 2 2 0 2 0 0 2 b 1 1 1 1 1 1 1 2 1 1 2 2 1 1 1 1 1 1 0 1 0 1 1 1 1 1 1 1 1 0 1 1 1 1 1 1 1 0 1 1 0 0 0 1 a 0 1 1 0 1 2 0 2 0 1 1 1 0 2 1 2 0 1 1 2 0 0 2 0 2 1 2 2 2 0 2 0 0 2 0 2 2 a 1 0 1 2 0 2 2 1 1 1 1 1 1 1 0 0 0 0 0 1 1 1 1 1 1 1 1 1 1 1 1 1 1 1 1 0 1 0 1 1 0 1 0 1 0 a 1 1 1 1 0 1 1 1 1 0 0 1 1 1 1 0 
0 1 0 1 1 1 2 1 2 2 0 0 2 0 b 2 2 1 2 0 0 1 2 1 2 1 0 1 1 1 1 1 1 1 1 1 1 1 1 1 1 1 1 1 1 1 1 1 1 1 1 0 1 0 1 1 1 0 1 a 1 1 1 0 0 2 1 0 2 2 1 0 0 1 1 0 1 2 1 1 2 0 2 1 0 1 0 0 2 1 0 1 0 2 1 2 1 b 1 0 2 0 2 2 1 2 0 2 1 2 1 1 1 0 1 1 1 1 1 1 1 0 1 0 0 0 0 1 1 1 1 0 1 1 1 1 1 0 1 1 1 1 1 a 0 1 1 0 1 1 1 1 0 1 0 1 0 1 1 0 
1 2 0 2 1 1 2 2 1 0 2 1 1 2 a 2 2 1 2 2 1 1 2 1 1 0 1 0 1 1 1 1 0 1 1 1 1 1 1 1 1 1 1 1 1 1 1 1 1 1 1 1 1 1 1 1 1 1 1 a 1 1 0 1 1 2 0 2 1 1 2 1 0 2 2 2 2 2 2 2 2 2 2 1 2 2 2 2 0 2 1 2 1 2 0 2 2 b 0 1 1 0 2 1 2 0 1 2 1 2 1 0 1 0 1 0 1 1 0 0 0 1 1 1 1 1 1 1 1 1 1 0 1 0 1 1 0 1 1 1 1 1 1 a 0 1 1 1 1 1 1 1 1 0 1 1 1 1 0 1 
1 2 2 0 2 2 2 0 2 0 2 1 1 0 a 2 1 1 1 1 1 0 0 1 0 1 2 1 1 1 1 1 1 1 1 0 1 0 1 1 0 0 0 1 1 1 0 1 1 1 0 1 1 1 1 1 1 1 1 a 1 1 1 1 0 1 0 0 1 0 1 2 1 1 0 1 1 2 1 0 1 2 2 2 2 2 2 1 1 2 1 2 2 2 1 0 0 a 2 1 1 0 1 0 0 2 1 2 2 0 1 1 0 0 1 1 0 1 1 1 1 1 0 0 0 1 1 0 1 1 1 1 0 1 1 0 0 1 1 1 1 1 1 a 0 1 1 1 1 0 0 1 1 1 1 1 1 1 0 1 
1 2 1 2 1 0 1 2 0 1 2 0 1 1 a 0 2 1 1 1 1 1 2 2 1 0 2 1 1 1 1 1 1 1 1 1 1 1 0 0 1 1 1 1 1 1 0 1 1 1 1 1 1 1 1 0 1 1 0 a 1 1 1 0 1 2 0 2 2 1 2 2 2 2 2 0 1 0 2 2 2 2 2 1 2 1 2 2 1 0 2 2 2 2 2 0 2 a 2 1 1 1 2 1 0 0 1 2 1 1 1 1 1 1 0 0 1 1 1 1 0 0 1 1 1 1 0 1 1 1 0 0 1 1 1 1 1 1 1 1 1 1 1 a 1 1 1 0 0 1 1 1 1 1 1 1 1 1 1 1 
0 2 1 1 2 1 0 1 0 1 2 2 1 0 b 0 2 2 1 1 1 1 2 1 1 0 0 1 1 0 1 1 1 0 1 1 1 1 1 1 1 0 1 1 0 2 1 1 2 1 1 0 1 0 1 0 1 2 2 b 2 1 1 0 2 2 2 2 2 2 2 2 0 2 1 1 0 2 2 2 0 2 1 2 2 2 1 2 2 2 2 1 2 2 2 1 1 b 2 1 2 1 1 1 1 2 1 2 0 2 1 1 1 1 1 1 1 1 1 1 1 1 1 1 0 1 0 1 1 0 1 1 0 0 1 1 1 1 1 1 1 1 1 a 0 1 0 1 1 1 1 0 1 1 0 0 1 0 1 1 
1 0 1 0 2 2 1 1 2 1 1 2 2 2 b 1 2 1 1 2 2 0 1 2 2 1 1 1 1 1 1 1 1 1 1 0 0 1 1 0 1 0 2 1 2 1 1 1 1 1 2 2 2 2 1 2 0 1 2 b 1 2 1 2 2 0 2 1 2 0 2 1 0 2 2 1 2 1 1 2 2 2 2 0 2 2 1 1 2 2 2 1 1 0 1 1 2 b 2 2 2 0 2 2 2 1 2 0 1 2 1 1 1 1 1 1 1 1 1 0 1 1 1 0 1 1 1 1 1 0 1 1 0 0 1 1 0 1 0 0 1 1 1 a 0 0 1 1 1 1 1 1 1 0 1 1 1 1 1 1 
0 1 1 2 1 2 1 1 0 2 1 0 2 0 a 2 2 0 0 2 2 2 2 2 1 2 0 1 0 1 1 0 0 1 1 0 1 1 1 1 1 0 2 2 2 0 2 1 1 0 0 0 1 2 2 1 1 1 0 b 2 1 0 1 2 0 2 2 2 1 0 2 2 0 1 2 2 2 2 1 0 2 2 1 0 0 1 0 1 2 2 2 2 0 2 2 2 a 1 2 2 1 2 2 2 1 2 1 2 0 1 0 1 1 1 1 1 1 1 1 1 1 1 1 1 1 1 1 1 1 1 0 1 1 1 1 1 1 1 0 1 1 1 a 1 1 1 1 1 0 1 0 1 0 1 1 1 1 1 1 
1 1 1 1 1 2 2 2 2 1 1 2 2 1 a 1 2 0 2 1 1 2 0 2 1 1 1 1 1 1 1 1 1 1 0 1 1 0 1 1 1 2 2 1 0 2 2 1 2 1 1 2 0 1 0 1 2 2 1 a 2 1 1 2 1 2 1 1 1 2 1 0 0 1 2 0 2 2 2 1 2 2 2 0 0 1 1 2 0 2 2 1 2 1 1 0 0 b 1 2 1 0 0 2 0 2 2 1 2 0 1 1 1 1 0 1 1 1 0 1 1 1 1 0 1 1 0 1 1 0 1 0 1 0 1 1 1 1 1 1 1 1 1 a 1 0 0 1 0 1 0 1 1 1 1 1 1 0 1 1 
2 1 2 1 2 1 2 2 2 0 2 2 1 1 b 2 2 1 2 1 2 1 0 2 0 1 2 1 1 1 1 0 1 0 1 1 1 1 1 1 1 2 2 1 2 2 1 1 2 2 1 2 0 1 1 1 0 2 1 a 1 2 1 2 0 0 1 0 1 2 1 0 1 2 1 2 2 2 0 2 1 1 2 0 2 2 2 2 0 1 0 0 0 1 2 1 0 b 0 2 1 2 2 1 2 2 0 1 1 0 1 1 1 1 0 0 1 1 1 0 1 1 0 0 0 1 0 1 1 1 0 1 1 0 1 1 1 1 1 1 1 1 1 a 1 1 1 1 1 1 0 1 0 1 1 1 1 1 1 1 
2 1 1 2 1 2 1 1 1 2 1 1 2 0 b 2 2 2 1 1 2 2 2 0 1 1 1 1 1 1 1 1 1 1 1 1 0 1 1 1 1 2 1 2 1 2 0 1 2 1 1 1 0 1 1 2 1 1 0 a 1 0 2 2 2 2 1 1 2 0 0 2 0 1 1 1 1 1 0 0 2 1 2 0 2 2 2 2 2 2 2 1 1 0 2 2 2 b 1 0 1 2 2 0 2 2 1 1 0 1 1 1 1 0 1 0 1 0 1 1 1 1 1 1 1 1 1 0 1 1 1 1 1 0 1 1 1 1 1 0 1 1 1 a 1 1 1 0 1 0 1 1 0 1 1 1 1 1 1 1 
2 1 1 2 1 0 2 2 0 2 1 2 1 1 b 2 2 0 2 2 0 2 1 1 2 1 2 1 1 1 1 1 1 1 1 0 1 1 1 1 1 2 2 0 2 2 2 0 0 1 1 2 2 2 2 0 2 1 1 b 1 2 1 1 0 2 2 1 1 2 2 0 1 0 0 2 1 2 0 2 2 0 2 0 2 2 2 2 1 1 1 2 2 0 1 1 2 b 2 1 1 1 2 0 2 2 1 2 2 2 0 1 1 0 1 1 1 1 0 1 1 1 0 1 0 1 1 1 1 1 1 1 1 0 1 1 0 0 0 1 1 1 1 a 1 0 0 1 1 1 1 1 1 1 1 1 1 1 1 1 
1 1 1 1 1 0 1 1 1 0 1 1 1 1 a 1 1 1 1 1 1 0 1 1 1 1 0 1 1 1 0 1 1 1 1 1 1 1 1 1 1 1 1 2 0 0 0 2 1 1 2 1 2 2 1 0 0 2 0 b 0 1 1 2 1 2 0 2 0 2 2 2 1 2 1 2 2 1 1 1 2 0 2 0 1 2 1 0 2 2 2 0 2 2 2 0 1 a 1 2 1 1 2 2 2 0 0 2 2 2 1 0 1 1 1 1 1 1 1 1 1 1 1 1 1 1 1 1 0 0 1 1 0 1 1 1 1 1 1 1 1 1 1 a 0 1 0 1 1 0 1 1 1 0 0 1 1 0 1 1 
1 1 0 1 1 1 1 1 1 1 1 1 1 0 a 1 0 0 1 1 1 1 1 1 1 1 0 0 1 0 1 1 1 1 1 1 1 0 1 1 1 1 0 0 1 1 2 0 0 1 2 1 1 1 0 2 2 0 0 a 2 1 2 0 0 0 2 0 2 0 2 0 1 0 2 2 1 0 1 2 0 2 2 1 1 2 2 2 1 2 2 2 2 1 0 2 0 b 0 0 1 2 1 2 2 0 1 1 2 1 1 1 1 1 1 1 0 1 0 0 1 1 1 1 1 1 1 1 1 1 1 1 0 1 1 1 1 1 1 1 1 0 1 a 1 1 1 1 0 1 1 1 1 1 1 1 1 1 1 0 
1 1 1 1 1 1 1 1 1 1 1 1 1 1 a 1 1 1 1 1 1 1 1 0 1 1 1 0 1 1 1 1 0 1 1 1 1 1 1 0 1 2 2 0 1 2 2 2 1 2 1 2 1 0 2 0 2 0 1 b 1 0 2 1 2 2 2 2 1 2 0 2 2 2 0 1 0 1 2 1 2 0 2 1 2 0 2 2 2 2 0 0 2 2 2 0 1 a 0 0 0 1 1 1 1 1 2 0 0 0 1 0 0 1 1 0 1 1 1 1 1 1 0 1 0 0 0 0 1 1 1 1 1 1 1 1 1 0 1 1 1 0 1 a 1 1 1 0 1 1 1 0 1 1 1 1 1 1 1 1 
0 1 1 1 1 1 1 1 1 1 1 1 0 1 a 1 0 1 1 0 1 1 1 1 0 1 1 1 1 1 1 1 0 1 0 1 0 1 1 1 1 0 2 1 1 2 2 2 2 2 1 1 0 0 2 1 1 1 2 b 2 2 1 2 2 0 2 2 2 2 0 2 1 1 2 1 0 1 1 2 1 2 1 2 2 2 2 2 2 0 2 2 1 2 2 0 1 a 1 2 0 0 1 1 1 2 2 0 1 2 1 1 0 1 1 1 1 1 1 0 1 0 1 1 1 1 1 1 1 1 1 1 0 1 1 1 1 1 1 1 1 1 1 a 1 1 1 0 1 1 1 1 1 1 1 1 1 1 1 1 
1 1 1 1 1 1 1 1 1 1 1 1 1 1 a 1 0 0 1 1 1 1 1 0 1 1 1 1 1 0 1 0 1 1 1 1 0 0 1 1 1 0 0 1 2 0 1 1 1 1 0 0 1 0 1 1 2 2 2 b 2 1 0 1 1 1 2 2 2 2 2 2 1 1 1 1 1 0 1 2 2 0 2 1 2 0 2 2 2 2 2 2 1 2 2 2 0 b 1 2 2 1 1 1 2 1 2 1 2 1 1 0 1 1 1 1 1 1 1 1 1 1 1 0 1 1 1 1 0 1 1 1 1 0 1 1 0 1 1 1 1 1 1 a 1 1 1 1 1 0 1 0 0 1 1 1 1 1 1 0 
1 1 1 1 0 1 1 1 1 1 1 1 1 1 a 0 1 1 1 1 0 0 1 1 1 0 1 1 1 0 1 1 1 0 1 1 1 0 1 0 1 1 1 0 2 0 2 1 2 2 2 1 0 2 2 1 1 2 2 b 2 2 1 2 2 1 2 1 1 2 0 2 0 0 1 2 2 1 1 1 0 2 1 2 2 0 2 2 2 2 2 0 2 1 1 1 1 b 0 0 1 2 1 0 1 1 0 1 0 2 1 1 1 1 1 1 1 1 1 1 0 1 0 0 1 0 1 0 1 1 1 1 1 1 1 1 0 1 1 1 1 1 1 a 1 0 1 0 1 1 0 1 1 1 1 1 1 1 1 1 
1 1 0 1 1 1 1 0 1 1 0 1 1 1 a 1 0 1 0 0 1 1 1 0 0 1 1 0 0 0 1 0 1 1 1 0 1 1 1 1 0 1 1 1 1 2 0 2 2 1 1 0 2 1 2 1 2 1 1 b 1 1 0 1 2 2 2 2 2 2 2 2 1 0 1 1 2 2 0 0 2 2 1 2 2 2 0 1 2 2 1 1 0 2 2 1 1 b 2 0 1 0 2 1 2 2 2 1 0 1 1 1 1 1 1 1 1 0 1 1 1 0 0 1 1 1 0 1 1 1 1 1 1 1 1 1 1 0 1 0 1 1 1 a 1 0 1 1 1 1 0 0 1 1 1 0 1 1 0 0 
1 1 1 1 1 0 1 1 1 2 1 2 2 1 a 2 2 1 1 1 2 2 1 1 2 2 0 2 1 2 0 2 2 2 1 2 1 0 1 1 1 2 1 1 2 1 2 1 1 0 0 2 1 0 0 2 1 2 0 b 0 0 1 1 1 0 2 2 2 2 1 2 1 1 2 2 2 2 0 2 1 2 2 1 2 2 2 2 2 2 2 2 1 0 1 2 1 b 2 1 2 2 0 2 2 1 2 0 0 0 1 1 1 1 1 1 0 0 1 0 1 1 1 1 1 1 1 0 1 1 1 1 0 0 0 1 1 0 1 1 1 1 0 a 0 1 1 0 0 1 0 1 1 1 1 1 1 1 1 1 
0 1 0 1 1 1 0 1 0 0 2 2 2 1 a 0 0 2 2 1 2 1 1 0 2 1 2 0 1 1 1 0 2 2 1 1 2 2 1 2 0 0 0 2 2 2 2 1 2 0 0 1 1 0 2 1 1 2 0 b 1 1 0 1 2 0 2 0 2 2 0 2 0 1 0 1 0 1 1 1 1 2 0 1 1 2 0 0 2 1 1 2 1 0 1 1 1 b 1 1 1 2 2 1 2 1 2 2 1 2 1 1 1 1 1 1 1 1 1 1 1 1 0 1 1 1 1 1 1 1 1 0 1 1 0 1 1 1 1 1 1 1 0 a 1 1 1 1 1 1 1 1 1 0 1 0 1 1 1 1 
1 1 1 1 1 1 1 1 1 0 1 2 1 1 a 1 2 2 2 2 1 1 2 2 2 2 1 0 2 1 1 0 2 0 1 1 2 2 0 2 1 2 1 2 2 2 2 0 1 1 1 1 2 2 1 2 2 0 0 a 0 2 2 1 0 2 1 1 1 2 1 0 1 1 1 1 1 1 1 0 2 1 0 2 1 1 0 1 1 0 0 0 1 2 1 2 2 b 1 2 1 0 0 2 0 0 0 1 2 0 1 0 1 1 0 0 1 1 1 1 1 1 1 1 1 1 1 1 1 1 1 1 0 1 1 1 1 1 1 1 1 1 1 a 1 1 1 0 0 1 0 1 1 0 0 0 1 1 0 1 
1 0 1 1 1 1 1 1 1 1 2 0 2 1 b 2 2 2 1 2 0 1 2 2 2 1 1 0 1 1 2 1 2 0 1 2 2 2 2 2 1 1 2 0 1 1 0 2 0 1 2 0 2 1 1 0 0 2 1 a 1 0 0 2 0 0 2 1 2 2 0 2 0 1 1 0 1 1 0 2 0 1 2 1 0 1 2 2 2 2 2 1 0 2 2 0 1 a 2 1 2 1 1 0 2 1 1 2 1 2 1 1 1 1 1 1 1 1 1 1 1 1 1 1 0 1 1 0 0 1 1 1 1 1 0 1 0 1 1 0 1 1 1 a 1 1 1 1 1 0 1 1 1 0 1 1 1 1 1 0 
0 1 0 1 0 1 1 0 0 1 2 1 2 1 b 2 0 2 2 2 2 0 0 1 2 1 0 0 2 2 1 1 1 2 0 0 2 1 1 2 0 1 1 1 1 1 2 2 0 2 1 0 2 2 2 1 2 0 2 b 1 2 1 2 1 1 2 1 2 1 0 2 1 1 1 1 1 0 1 0 1 0 2 2 0 2 2 1 2 1 2 1 1 2 0 2 1 b 1 1 1 0 2 1 2 0 2 1 0 2 1 1 1 1 1 1 0 1 1 0 1 1 1 1 1 1 1 1 1 1 1 1 1 1 1 0 1 1 1 1 1 1 1 a 0 1 1 1 1 1 0 0 1 1 1 1 1 1 1 1 
1 1 1 1 1 1 1 1 1 2 0 2 2 1 b 0 2 2 1 1 0 1 2 2 1 1 2 1 2 0 2 2 2 1 2 2 2 2 1 0 1 1 2 1 2 0 0 0 0 1 1 2 2 1 2 2 2 1 1 b 2 2 1 1 2 1 2 0 2 1 2 0 0 0 1 1 1 1 0 0 0 1 0 1 2 1 1 2 2 0 1 1 1 0 2 2 1 a 0 0 1 2 1 0 2 0 1 2 2 2 1 1 0 0 1 1 1 1 1 0 0 1 0 1 1 1 1 1 1 0 1 1 1 1 1 1 1 1 1 1 1 1 1 a 1 1 1 1 1 1 1 0 0 1 1 1 1 1 1 1 
1 1 1 1 1 1 1 1 1 0 1 1 0 2 a 1 1 2 2 1 2 2 2 1 2 2 0 1 2 2 1 2 1 2 2 1 0 1 0 2 1 1 0 0 1 0 2 2 2 2 0 1 1 1 2 2 2 2 2 a 0 1 2 2 2 2 1 1 1 0 1 2 1 1 1 1 0 1 1 2 2 2 2 1 2 1 1 2 1 2 2 2 0 1 1 0 1 b 1 1 2 2 1 0 2 1 2 0 2 2 1 1 1 1 1 1 1 1 0 1 1 1 0 1 1 1 1 1 1 1 0 0 1 1 1 1 1 0 1 1 1 1 0 a 1 1 0 0 1 1 1 1 1 1 1 1 1 0 1 0 
1 1 1 1 1 1 1 1 0 1 2 1 0 1 b 2 1 1 2 2 1 2 1 2 2 1 2 1 2 2 1 2 2 2 1 1 0 1 2 2 1 1 1 0 1 1 2 2 2 1 2 2 1 2 2 2 0 2 0 b 0 1 2 1 1 1 1 0 0 2 1 1 1 1 0 0 1 1 1 2 2 0 2 0 2 1 1 0 1 0 1 0 1 2 2 1 2 a 2 1 2 2 2 2 1 0 1 1 1 2 1 1 1 1 1 1 0 1 1 1 1 1 1 1 1 1 0 1 0 0 1 0 1 1 1 1 1 1 1 0 1 1 1 a 0 1 1 1 1 0 0 1 1 1 0 0 1 1 1 0 
1 1 1 1 1 0 0 1 1 1 2 1 0 2 b 0 2 2 1 0 1 1 0 2 2 2 2 0 2 2 1 2 1 1 1 1 2 2 0 0 0 2 2 0 0 2 2 0 0 1 2 2 2 1 2 2 1 2 2 b 1 1 1 2 0 1 1 2 0 2 2 2 1 1 1 0 0 1 0 1 1 1 1 1 1 1 0 0 1 1 1 1 1 1 0 0 0 a 0 1 1 1 1 1 1 1 1 1 1 1 0 0 1 1 1 0 1 1 1 1 1 1 1 1 1 1 0 1 1 1 1 1 1 1 1 1 1 1 1 1 1 1 1 a 0 1 0 1 1 1 1 1 1 1 1 0 1 1 0 1 
1 1 1 1 1 1 0 1 1 1 2 1 0 2 b 2 2 2 1 0 1 2 0 1 1 1 2 2 2 2 2 1 1 2 1 2 2 2 1 1 1 2 2 2 2 2 2 1 2 1 1 1 2 0 0 2 2 1 2 b 2 2 1 1 1 2 1 1 2 1 1 2 1 1 1 1 1 0 1 0 1 1 1 1 1 0 0 1 1 1 1 1 1 1 1 0 1 a 0 1 1 1 1 1 1 0 0 1 1 1 1 1 1 1 1 0 1 1 1 1 1 1 1 1 1 1 1 1 1 1 0 1 1 0 1 0 1 0 1 1 0 1 1 a 1 1 1 1 0 1 0 0 1 1 1 1 0 1 1 1 
1 0 1 1 1 1 1 1 1 2 1 0 2 1 a 1 1 2 1 1 0 1 2 1 2 1 2 1 2 2 1 1 0 2 1 1 1 2 1 2 1 1 1 0 1 1 1 1 1 2 1 0 0 1 2 0 1 1 0 b 2 0 2 2 2 2 0 0 2 2 1 0 1 1 1 1 1 1 1 1 1 0 1 1 1 0 1 1 1 0 1 1 1 1 1 1 1 a 1 1 1 1 1 0 1 1 1 0 1 1 1 1 1 1 1 1 1 1 1 1 1 1 1 1 1 1 1 0 1 1 1 1 1 1 1 1 0 1 1 1 1 1 1 a 0 1 0 1 1 1 1 1 0 0 0 1 1 1 1 1 
1 1 1 1 0 0 1 1 1 2 1 1 2 1 b 1 0 0 0 0 1 0 2 0 2 1 1 2 1 2 2 1 2 1 2 0 0 2 0 2 1 2 0 2 2 0 1 2 0 0 2 2 2 1 2 2 2 0 1 a 1 2 2 2 1 1 1 0 1 0 2 0 1 1 1 0 1 1 0 1 1 1 1 0 1 1 1 1 1 1 1 1 1 0 1 1 1 a 1 0 1 0 1 1 1 1 1 1 1 1 1 1 1 0 1 1 1 0 0 1 1 1 1 0 1 0 1 1 1 1 1 1 1 1 1 1 1 1 1 1 1 1 1 a 1 0 1 1 1 0 1 0 0 1 1 1 0 1 1 0 
0 0 1 1 1 1 0 1 1 1 0 1 1 2 b 2 1 1 2 0 2 1 0 1 1 1 1 0 2 2 2 0 2 1 1 0 0 1 2 2 1 0 2 1 1 0 1 0 2 2 1 2 2 0 2 1 1 2 1 a 1 1 1 2 1 2 2 1 1 2 1 2 0 1 1 1 1 1 1 1 1 1 0 0 1 1 0 1 1 1 1 1 1 1 1 1 1 a 1 1 0 0 1 1 1 0 1 0 1 0 0 0 1 1 1 1 1 0 1 1 1 1 1 1 1 0 1 1 1 0 1 0 1 1 1 1 1 1 1 1 1 1 1 a 1 1 1 1 1 1 1 1 1 0 1 1 0 1 1 1 
1 1 1 1 1 1 0 1 1 2 2 1 2 0 b 0 1 1 1 0 1 0 2 0 2 2 0 2 2 2 0 1 1 1 1 2 1 2 2 0 1 2 1 2 0 1 1 2 2 1 2 2 1 1 1 1 1 2 2 a 0 1 2 2 2 1 1 2 1 0 0 2 1 0 1 1 1 1 1 1 1 1 1 0 1 1 1 1 0 1 0 0 1 1 1 1 1 a 0 1 1 1 1 1 1 1 1 1 1 1 0 1 1 1 1 1 1 1 1 1 1 1 1 1 1 1 1 1 1 1 1 0 1 1 1 1 1 0 1 1 0 1 1 a 1 1 1 0 1 0 1 1 1 1 1 1 1 1 1 0 
1 1 0 1 1 1 1 1 1 2 2 1 2 0 b 2 1 2 1 2 0 2 1 1 0 1 1 2 1 2 2 2 0 1 2 1 2 1 1 2 1 2 1 2 1 2 2 1 2 1 2 2 2 1 1 1 2 2 2 a 0 2 0 1 2 2 2 1 2 1 1 1 1 1 1 1 0 0 0 1 0 1 1 1 1 0 0 1 1 0 1 1 0 1 1 1 1 a 1 0 0 1 0 1 0 1 1 1 1 1 0 1 1 1 1 1 1 1 1 1 1 0 0 0 1 1 1 1 1 1 1 1 0 1 1 0 0 1 1 1 1 1 0 a 1 1 0 1 1 1 0 1 1 1 1 0 1 0 1 1 
1 1 1 1 1 1 1 0 1 2 1 1 0 1 b 2 1 2 2 2 2 2 1 2 2 0 1 2 2 2 2 2 1 2 0 0 2 2 2 1 1 2 1 2 1 1 2 1 0 1 1 0 1 2 0 0 1 2 2 a 1 2 2 2 2 0 0 2 2 1 0 1 1 0 1 1 1 0 0 1 0 1 1 1 1 0 1 1 1 1 1 1 1 1 0 1 1 a 0 1 1 1 1 1 1 1 1 0 1 1 0 0 1 0 1 0 1 1 1 0 1 1 1 1 1 1 1 1 0 1 1 1 1 1 1 1 1 1 1 1 1 1 1 a 1 1 1 1 1 1 1 1 1 1 1 1 1 1 1 1 
0 1 1 1 1 1 1 1 1 2 1 1 2 1 b 2 0 2 2 2 1 0 2 2 0 1 1 2 0 1 2 2 2 2 2 1 0 2 0 2 1 2 2 2 2 1 2 0 2 2 2 1 2 2 0 2 0 1 2 b 1 2 1 1 2 1 1 1 1 1 1 2 0 1 1 1 0 1 0 1 0 1 1 0 1 1 1 1 1 1 1 1 1 1 1 1 1 a 1 0 1 1 1 0 0 1 0 1 1 1 1 1 1 1 1 1 1 1 1 1 1 1 1 1 1 1 1 1 1 1 1 1 0 1 0 1 0 1 1 0 1 1 1 a 0 0 1 1 1 1 1 1 1 1 1 0 1 1 1 1 
1 1 1 1 1 1 1 1 1 2 2 0 0 1 a 1 0 1 2 2 2 0 1 1 2 0 2 2 2 0 2 2 0 1 1 1 2 1 2 2 0 1 1 1 1 1 1 1 1 1 1 1 0 1 1 1 1 0 0 a 1 1 0 1 1 1 0 0 0 0 1 1 1 1 1 1 1 1 1 0 1 0 1 1 1 1 1 1 1 1 1 1 1 1 1 1 1 a 0 1 1 1 1 1 1 1 1 1 0 1 1 1 1 1 0 1 0 1 0 0 1 1 1 1 1 1 0 1 0 1 0 1 0 1 1 1 1 1 1 1 1 1 1 a 0 1 1 1 1 1 1 0 1 1 1 1 1 1 1 0 
1 0 0 0 1 1 1 1 1 1 1 1 2 0 a 1 1 0 0 1 1 0 2 2 2 2 2 2 2 1 2 1 2 2 2 2 2 2 1 2 1 1 0 0 1 1 1 1 1 1 1 1 1 1 1 0 0 1 1 a 1 1 0 1 1 1 1 1 0 1 1 1 1 1 1 1 1 1 0 1 1 0 1 0 1 1 1 1 1 1 1 1 1 1 0 0 1 a 0 1 1 1 1 1 1 1 1 1 1 0 1 1 1 1 1 0 0 1 1 1 0 1 1 1 1 1 1 1 1 1 1 0 1 1 1 0 1 1 1 0 1 1 1 a 1 0 1 1 1 1 1 1 1 1 1 0 1 1 1 0 
0 1 1 1 1 0 0 1 1 0 1 1 0 1 b 2 2 1 2 1 0 1 1 1 2 2 1 2 1 2 2 2 2 1 1 2 1 1 0 0 1 0 1 1 0 0 1 1 1 0 0 1 1 0 1 0 0 1 1 a 1 1 1 1 1 1 1 1 0 1 1 0 1 1 0 0 1 1 1 0 1 0 1 1 0 1 0 0 1 1 0 1 1 0 1 1 1 a 1 1 1 1 1 1 1 0 1 1 1 1 1 0 1 1 0 1 1 1 1 1 1 1 1 1 1 0 0 1 1 1 0 0 1 0 1 1 1 0 1 0 0 1 1 a 1 1 1 1 1 1 1 1 1 1 1 1 1 1 0 1 
0 0 1 1 1 0 1 1 1 2 0 0 1 1 a 2 0 1 1 1 1 1 1 1 0 2 0 0 0 2 1 2 1 2 2 0 1 0 2 1 1 1 1 1 1 1 1 1 1 0 1 1 1 1 0 1 1 1 1 a 0 1 1 0 1 0 1 1 1 0 1 1 1 1 0 1 1 1 1 1 0 0 1 1 1 1 1 1 1 1 1 1 1 1 1 0 1 a 1 1 1 1 1 1 1 1 1 0 1 1 1 1 1 1 1 0 1 1 0 1 0 1 0 1 1 0 1 1 1 0 1 0 1 1 0 1 0 1 0 1 1 1 1 a 0 1 0 1 1 1 1 1 1 1 0 1 1 1 0 0 
1 0 1 1 0 1 1 0 1 2 2 0 2 2 b 2 2 1 2 1 2 0 1 1 2 2 2 1 0 2 1 0 1 1 2 1 2 1 1 1 0 1 0 1 1 0 1 1 1 1 1 1 0 1 1 0 0 1 1 a 1 1 0 1 1 1 0 0 1 0 1 1 1 0 1 1 1 0 0 1 0 1 0 1 1 0 1 1 1 1 1 1 1 1 1 1 1 a 0 1 0 1 1 0 1 1 0 1 1 0 0 1 1 1 1 1 1 1 0 1 1 1 1 0 0 0 1 1 1 1 1 0 1 0 1 1 1 1 1 0 0 0 1 a 1 1 1 1 1 1 1 1 1 1 1 1 1 1 0 1 
1 1 0 1 1 1 1 1 1 2 1 1 1 1 b 0 2 2 0 2 1 2 0 1 1 2 2 1 1 2 2 0 1 1 1 2 1 2 1 1 1 1 1 1 1 1 1 0 1 1 0 1 1 1 1 1 0 1 1 a 1 1 1 1 1 1 0 1 0 1 1 1 1 0 1 1 1 1 1 0 1 1 1 0 0 1 1 1 1 1 1 0 1 1 1 1 1 a 1 0 0 1 1 1 1 1 0 1 0 1 0 1 0 1 1 1 1 0 1 1 1 0 1 1 1 1 1 0 1 1 1 0 1 1 1 1 1 0 1 1 1 0 0 a 0 1 1 0 1 1 1 1 1 1 1 0 1 1 1 1 
0 1 0 1 1 1 0 0 1 0 0 0 0 2 a 2 0 1 1 2 1 2 0 1 2 0 1 0 1 1 2 0 2 2 1 1 2 2 1 2 1 1 1 0 1 1 1 0 1 1 1 1 1 0 1 1 1 0 1 a 1 1 1 0 1 1 1 1 1 1 1 1 1 1 1 1 1 1 1 0 0 1 1 1 1 1 1 1 0 0 1 1 1 0 1 1 0 a 1 1 0 0 1 1 1 0 0 1 1 1 0 0 1 1 1 0 0 1 1 1 1 1 1 1 0 0 0 0 0 1 1 1 1 1 1 1 1 1 0 1 1 1 0 a 1 1 0 0 1 1 0 1 1 0 1 0 1 1 1 1 
0 0 1 1 0 1 0 1 1 2 1 2 2 1 a 0 0 1 1 2 1 1 1 1 1 2 1 1 2 2 1 0 2 1 0 1 2 2 2 0 1 1 0 0 1 0 1 1 1 0 1 1 1 0 1 0 1 1 1 a 1 1 1 0 0 0 1 1 1 1 0 1 1 1 1 1 1 1 1 1 0 1 0 1 1 1 0 1 0 1 1 1 1 1 1 1 0 a 1 1 1 1 1 0 1 1 1 1 1 1 1 1 1 1 0 1 1 0 1 1 0 1 1 1 1 1 1 1 1 1 1 1 0 1 1 1 1 1 1 1 0 1 1 a 1 0 0 1 1 0 1 1 1 1 0 1 0 1 1 0 
1 1 1 1 0 1 1 1 0 1 2 2 1 0 b 1 2 2 2 2 0 2 2 2 2 2 2 0 1 2 2 0 0 1 2 1 0 1 2 1 1 1 0 1 1 1 1 1 1 1 1 0 1 1 1 1 1 1 1 a 0 0 1 1 1 0 1 1 1 1 1 1 1 0 1 1 1 1 1 1 1 1 1 0 1 1 0 0 1 1 1 1 1 1 1 1 1 a 0 1 0 0 1 1 1 0 1 1 1 1 1 0 1 0 1 0 1 1 1 1 1 1 0 1 1 1 0 1 0 1 1 1 0 1 1 0 1 1 1 1 1 0 1 a 0 1 1 1 1 1 1 1 0 1 0 0 1 0 0 1 
1 1 1 1 1 1 1 0 1 1 2 2 2 1 a 0 1 2 2 1 2 2 0 1 1 1 2 0 2 0 1 1 1 1 1 1 0 0 1 0 0 1 1 1 1 1 1 0 1 1 1 1 0 1 1 0 1 0 1 a 0 0 1 1 0 1 1 1 1 1 1 0 1 1 1 1 1 1 1 0 1 1 1 1 1 0 1 1 1 1 0 1 1 1 1 1 1 a 1 0 0 1 1 1 0 1 1 1 1 1 1 1 0 1 1 1 1 0 1 1 1 0 1 1 0 1 1 0 1 1 0 1 0 1 0 0 0 0 1 1 0 1 1 a 1 0 1 1 1 1 0 1 1 1 1 1 1 1 1 1 
1 1 1 1 0 0 0 1 1 2 1 0 1 2 b 1 2 2 2 2 0 1 1 0 1 0 1 1 0 2 2 2 1 2 1 1 1 2 2 1 1 1 1 0 1 1 0 1 1 1 1 1 1 1 1 1 0 1 0 a 1 1 1 1 0 1 1 1 1 0 1 0 1 1 1 1 1 1 1 1 1 1 1 1 1 1 1 1 1 1 1 1 1 1 0 0 1 a 0 1 1 1 1 1 1 1 1 1 1 1 1 1 1 0 1 1 1 1 1 1 1 1 1 1 1 1 1 0 1 1 1 1 1 0 1 1 1 1 1 1 1 1 1 a 1 0 1 1 1 1 1 0 0 1 1 0 1 1 0 1 
1 0 1 0 1 1 1 1 1 0 2 1 2 0 b 0 2 2 2 0 2 2 0 2 0 2 2 2 0 2 2 0 2 2 1 1 2 0 1 2 1 1 1 1 1 1 1 1 1 1 1 0 0 1 1 1 0 1 1 a 1 1 1 1 1 1 1 1 0 1 1 0 1 1 0 1 1 0 1 0 1 1 1 1 1 1 1 0 1 1 0 1 0 1 1 1 1 a 1 1 1 1 1 1 0 1 1 1 1 1 1 1 1 0 1 1 1 1 0 0 0 1 1 0 0 1 1 1 1 1 0 0 1 0 1 0 1 1 1 1 1 1 1 a 1 1 1 0 0 0 1 1 1 0 1 1 0 1 1 1 
1 1 0 1 1 1 1 1 1 0 2 0 1 0 a 2 2 1 2 2 2 1 2 0 1 2 0 1 1 1 2 1 2 2 1 1 1 0 1 1 1 1 1 1 1 1 0 1 1 1 1 1 1 0 1 1 0 1 1 a 1 1 0 0 1 0 0 0 1 1 1 1 1 0 1 1 1 1 0 0 1 0 1 1 1 1 1 1 1 1 0 1 1 1 1 1 0 a 0 0 1 1 1 0 1 1 1 1 1 1 1 0 1 1 1 0 1 1 1 0 0 1 1 1 1 1 1 1 1 1 1 1 0 1 1 1 1 1 1 1 0 0 1 a 1 1 1 1 1 1 0 0 1 1 1 1 1 1 1 1 
1 1 1 0 1 0 1 1 0 2 2 1 2 1 a 1 0 0 2 2 2 0 1 1 1 0 1 1 0 0 2 2 1 1 1 2 0 1 1 0 0 1 0 1 1 1 1 1 0 1 0 1 1 1 0 1 1 1 0 a 1 1 1 1 1 1 0 1 0 1 1 1 0 1 1 0 1 0 1 1 0 0 1 1 1 1 1 1 1 0 1 1 1 0 1 1 1 a 0 0 1 1 1 1 1 0 0 1 1 1 1 0 1 0 1 1 0 1 1 0 1 1 1 1 1 0 1 1 1 1 0 1 0 1 1 0 1 1 0 1 1 1 1 a 1 1 1 0 1 1 1 1 1 1 0 0 1 1 0 1 
0 1 1 1 1 1 1 1 1 0 1 1 0 1 a 1 0 1 1 1 1 1 1 1 0 0 0 1 1 0 1 1 0 1 1 1 1 1 1 1 0 1 1 1 1 1 1 1 1 1 1 1 0 1 1 1 1 0 0 a 1 1 1 0 1 1 1 1 0 0 0 1 1 1 1 1 1 1 1 1 1 0 1 1 1 1 0 1 1 1 1 1 0 0 1 0 1 a 1 0 1 1 0 1 1 1 1 0 1 1 1 0 1 1 1 1 1 0 0 0 0 1 0 1 0 1 1 1 1 0 0 1 1 1 0 0 1 1 1 0 1 1 1 a 0 0 1 1 0 1 1 1 1 1 1 1 1 1 1 1 
1 1 0 1 1 1 1 1 0 0 1 1 1 1 a 1 1 1 0 1 1 1 0 1 1 1 1 0 1 0 1 0 0 1 0 1 1 0 1 1 1 1 1 0 0 1 1 0 1 1 0 1 1 1 0 1 1 1 1 a 1 1 0 1 0 1 0 1 1 1 1 1 1 1 1 1 1 1 1 0 1 0 1 1 1 1 1 1 0 0 1 0 1 0 1 1 0 a 0 1 1 1 0 1 1 1 1 1 1 0 0 0 1 1 1 1 1 1 1 1 1 1 1 0 1 0 1 0 1 0 0 1 1 1 1 1 1 1 1 0 1 1 1 a 1 1 0 1 1 1 1 1 1 1 1 1 1 0 1 1 
1 1 1 1 1 1 0 1 1 1 1 1 1 1 a 1 0 1 1 2 1 0 0 0 1 2 1 2 1 1 1 1 2 2 2 0 2 1 1 1 1 2 0 1 2 2 0 2 1 2 1 1 1 1 1 1 1 1 1 a 0 1 1 1 1 1 1 1 1 1 1 1 1 1 1 1 0 1 1 1 1 0 1 0 1 1 1 1 1 1 1 0 0 1 1 0 1 a 1 1 1 0 0 1 0 1 0 1 1 1 1 1 0 1 1 0 1 1 1 1 0 1 1 0 0 1 1 1 1 1 0 0 1 1 0 0 1 1 1 1 1 1 1 a 1 1 0 0 1 0 0 1 1 1 1 1 1 1 1 1 
1 1 1 1 1 1 1 0 1 1 1 0 1 1 a 1 1 1 1 2 0 2 1 0 1 2 1 0 1 2 1 1 2 0 1 2 0 0 0 1 1 1 0 1 1 0 1 2 1 1 1 1 0 1 0 1 1 1 1 a 0 0 1 1 1 1 1 1 1 0 0 1 1 1 1 1 1 1 1 1 1 1 1 1 1 1 1 1 1 1 1 0 1 1 1 1 1 a 1 1 0 1 1 1 0 1 1 1 1 0 0 1 0 1 1 1 1 1 0 0 1 0 1 1 1 0 1 1 1 1 1 1 1 1 1 1 1 0 0 1 1 0 1 a 1 1 1 1 0 1 1 1 1 1 1 1 1 1 1 1 
0 1 0 1 1 1 1 0 1 1 1 1 1 0 a 1 1 1 1 2 1 1 2 1 2 2 1 2 2 0 0 2 2 2 1 1 1 0 1 2 1 1 2 0 2 2 2 0 2 2 1 1 0 0 1 0 0 1 1 a 0 1 0 1 1 0 1 1 0 1 1 1 1 1 1 1 1 1 1 1 1 1 1 0 1 1 1 1 1 1 1 1 1 0 1 1 1 a 1 0 1 1 1 0 0 1 1 1 0 1 1 1 1 0 1 0 1 0 1 0 0 1 1 1 0 1 1 1 1 1 1 1 1 1 1 1 0 1 1 1 1 1 1 a 1 1 1 1 1 1 1 0 1 1 1 1 1 1 1 1 
0 1 0 1 1 1 0 1 1 1 1 0 0 0 a 1 1 1 1 0 0 1 0 2 2 1 2 2 2 1 1 1 0 0 1 0 1 2 1 0 1 2 1 2 1 2 1 1 2 2 1 0 1 1 1 1 1 1 1 a 1 0 1 1 0 1 1 0 1 0 0 1 1 1 1 1 0 1 1 0 1 1 1 0 1 0 0 1 0 1 0 0 1 1 0 1 1 a 0 1 1 1 1 1 1 1 1 1 1 1 1 1 1 0 1 1 1 1 1 1 1 1 1 1 1 1 1 1 1 0 1 1 1 1 1 1 1 0 1 1 0 1 0 a 1 1 1 1 1 1 1 1 1 1 1 1 1 1 1 1 
1 1 1 1 1 1 0 1 1 1 0 1 1 1 a 1 1 1 1 0 2 1 1 1 0 1 0 1 2 2 2 0 1 2 1 1 0 1 2 0 2 0 2 2 1 1 1 1 0 0 1 1 0 0 1 0 1 1 1 a 1 1 1 1 1 1 1 1 1 1 1 1 1 1 1 1 0 1 1 1 1 1 1 1 1 1 1 1 1 1 1 1 0 1 1 1 1 a 0 1 1 0 1 1 1 1 1 1 1 1 1 0 1 0 1 1 1 1 1 0 1 0 0 1 1 0 0 1 1 0 0 1 1 0 1 1 1 1 1 1 1 1 1 a 0 1 0 1 1 1 0 1 1 0 1 1 1 1 0 0 
1 1 1 1 1 1 1 1 1 1 1 1 1 1 a 1 0 0 1 1 2 2 1 2 2 1 2 2 1 1 1 1 2 2 1 0 1 1 0 2 2 2 1 1 1 1 2 2 0 1 1 1 1 1 1 0 1 0 1 a 1 1 1 1 1 1 1 0 1 1 1 1 1 0 0 0 1 1 0 1 1 1 1 1 1 1 0 1 1 1 1 1 0 1 1 1 1 a 1 1 1 1 1 1 1 1 1 1 1 0 1 1 1 1 1 1 1 0 0 1 1 1 1 0 1 1 1 1 1 1 1 1 1 1 1 1 1 1 1 1 1 0 1 a 1 1 1 1 1 1 1 1 0 0 1 1 1 1 1 1 
1 0 1 0 1 0 1 0 1 0 1 0 0 1 a 1 1 1 1 2 1 0 1 1 1 0 2 1 2 2 2 1 0 2 1 2 1 1 2 2 2 2 2 2 2 1 1 1 0 0 1 1 1 1 1 1 0 0 1 a 1 0 1 1 1 1 1 0 1 1 1 1 1 0 1 1 1 1 0 0 1 1 1 1 0 1 0 1 1 1 0 1 1 1 1 1 1 a 1 0 1 1 1 0 1 1 1 1 0 1 1 0 1 1 0 1 0 1 1 1 0 1 1 0 0 1 1 1 1 1 1 0 1 1 1 1 1 1 1 0 1 1 1 a 1 1 0 0 1 1 1 1 1 1 1 0 0 1 1 1 
1 1 1 1 0 1 1 0 1 1 1 1 1 1 a 1 1 0 1 2 2 1 1 1 2 0 0 1 2 0 1 2 2 1 2 1 2 1 1 0 1 0 1 2 1 1 2 0 1 1 1 1 1 1 1 0 0 1 1 a 1 0 0 1 1 1 1 1 1 1 1 1 0 1 1 1 1 1 1 1 1 1 1 0 1 1 0 1 1 1 0 1 1 1 0 1 0 a 0 0 1 1 1 1 1 1 1 1 1 1 1 1 1 1 1 1 1 1 1 0 1 1 1 1 1 1 1 1 1 1 1 1 1 1 1 1 1 0 1 1 0 0 1 a 1 1 0 0 1 1 1 0 0 0 1 1 1 1 1 1 
0 2 0 1 0 0 1 2 2 2 2 0 2 2 b 0 1 1 0 1 1 0 2 2 2 0 2 1 1 1 2 2 2 0 1 1 2 1 2 1 1 2 1 2 0 2 2 2 1 1 1 1 1 1 1 1 1 1 1 a 1 0 1 1 1 0 1 1 1 1 1 1 1 1 1 1 1 1 1 1 1 1 1 0 1 1 1 1 1 0 1 1 1 1 0 1 0 a 0 1 0 1 1 1 1 1 1 0 1 0 1 1 1 1 1 1 1 1 1 1 1 1 1 1 1 1 1 1 0 1 1 0 1 1 0 1 0 1 1 1 1 0 1 a 1 1 0 1 1 1 1 1 1 1 0 1 1 0 1 1 
1 2 2 1 2 2 0 1 2 1 2 1 0 1 b 0 1 1 0 1 2 0 1 2 2 1 2 1 2 2 1 0 0 0 2 0 0 2 1 0 1 2 2 0 1 1 2 0 0 2 1 0 0 0 1 1 1 0 2 b 0 0 0 1 2 1 2 2 0 1 1 0 0 1 2 1 2 0 2 0 2 1 0 1 2 0 2 1 2 0 1 1 1 1 1 1 1 a 1 1 1 1 1 1 0 1 0 1 1 1 1 1 1 1 0 1 1 0 1 1 1 1 1 0 1 1 1 1 1 1 0 0 0 1 1 0 1 1 1 1 1 0 1 a 1 1 1 1 1 1 1 1 0 1 1 1 1 1 0 1 
0 2 2 0 1 0 1 1 2 0 1 2 1 2 a 2 1 1 1 1 1 2 0 2 0 1 1 1 1 2 0 0 2 1 2 0 2 1 2 1 1 2 2 0 2 2 0 2 1 0 1 0 1 1 1 1 1 1 2 b 0 1 1 2 2 1 0 2 0 2 2 2 0 1 1 0 0 1 2 1 2 2 0 1 1 2 1 1 2 1 1 1 1 1 1 1 0 a 0 0 0 1 1 1 1 1 1 1 1 1 0 1 1 1 1 1 0 1 1 1 1 1 1 1 1 1 0 1 1 0 1 1 1 1 1 1 1 1 1 1 1 1 0 a 1 0 1 0 1 1 1 1 1 1 1 1 0 1 1 1 
1 1 2 1 1 2 1 1 2 2 1 1 0 1 a 1 1 0 1 1 2 2 1 1 0 1 1 1 1 1 1 2 0 2 1 1 2 2 0 2 0 1 0 1 0 1 1 1 2 1 1 1 1 1 0 1 1 1 2 a 1 0 2 1 2 0 0 2 1 2 2 0 1 2 1 1 1 2 2 2 2 2 0 2 2 0 0 2 2 0 1 1 1 1 0 1 0 a 1 1 1 0 1 1 1 1 1 0 1 0 1 1 1 0 0 1 1 0 1 1 0 1 1 1 1 0 1 1 0 1 0 1 1 1 1 1 0 1 1 1 1 1 0 a 1 1 0 0 1 0 0 1 0 1 1 1 1 1 1 1 
1 1 2 1 1 2 0 1 1 1 0 1 0 2 a 1 1 0 1 1 1 2 2 0 0 0 1 0 1 0 2 1 0 1 1 0 0 0 2 2 2 2 2 2 2 2 2 1 1 2 1 1 1 1 1 1 0 1 1 a 2 1 2 0 2 2 1 2 0 0 2 0 2 2 1 1 2 0 2 0 1 1 1 2 1 2 0 1 1 1 1 1 1 1 1 0 0 a 1 1 1 0 1 0 1 1 1 1 1 0 1 1 0 1 1 1 1 1 1 1 0 1 1 1 1 1 0 1 1 1 1 1 0 1 1 1 0 1 0 1 1 1 1 a 1 1 0 1 1 1 1 1 1 1 0 1 0 1 1 1 
2 2 0 2 0 0 2 2 2 0 2 1 2 2 a 0 1 1 1 0 2 1 2 1 2 2 0 0 1 2 1 1 2 2 2 1 1 0 1 2 2 2 1 2 1 0 2 1 2 2 1 0 1 1 0 1 1 1 1 a 2 1 2 0 2 0 1 2 2 1 1 2 1 1 2 1 2 0 2 1 2 2 1 1 0 1 2 2 0 1 1 0 1 1 1 1 1 a 1 0 0 1 0 1 1 0 0 1 1 1 0 1 1 1 1 1 1 0 1 1 0 1 1 0 1 1 1 0 1 1 1 1 1 1 0 1 1 1 1 0 1 1 1 a 1 1 1 1 1 1 1 0 1 1 1 1 1 1 1 1 
0 1 2 1 1 0 2 2 2 2 1 1 0 1 a 0 1 0 1 0 1 1 0 1 2 0 0 2 0 2 0 2 0 0 2 2 0 1 2 2 1 0 0 1 1 2 2 1 2 0 0 1 0 1 1 1 1 1 2 b 1 1 1 1 2 2 1 2 1 2 1 1 1 2 1 1 1 2 2 2 1 1 0 1 2 2 2 1 2 1 1 1 1 1 0 1 1 a 1 1 1 1 0 1 1 1 1 1 1 0 1 0 1 1 1 1 1 0 1 0 1 0 1 1 1 1 0 1 1 1 1 1 1 1 1 1 1 1 1 1 1 0 1 a 1 1 1 0 1 0 1 1 1 1 1 0 0 1 1 0 
0 2 2 2 0 2 1 0 1 2 1 1 2 1 a 1 1 1 1 1 2 1 1 2 2 2 0 2 1 0 2 1 2 2 2 2 1 1 1 1 1 1 1 2 0 1 1 0 1 1 1 1 1 1 1 1 0 0 1 b 2 2 2 1 2 1 1 1 1 0 2 2 1 1 2 1 1 0 1 1 2 1 2 1 1 2 2 2 2 1 1 1 1 1 1 1 1 a 1 1 0 1 1 1 1 1 1 1 1 1 1 1 1 1 0 1 1 1 0 0 1 1 0 1 1 1 1 1 1 1 0 1 1 1 1 1 1 0 1 1 1 1 1 a 1 1 1 1 0 1 1 1 1 1 1 1 1 0 1 0 
1 0 2 1 0 2 1 2 0 1 1 0 0 1 a 2 1 1 0 2 2 2 0 2 1 2 2 1 0 0 1 2 2 0 1 1 2 1 2 1 0 0 1 1 2 0 1 2 2 1 1 1 1 1 1 1 1 1 1 b 2 2 1 1 1 2 2 2 2 2 0 0 2 1 1 1 2 1 1 2 2 2 2 0 1 0 2 1 2 1 1 1 1 1 1 1 1 a 1 1 1 1 0 1 1 1 1 1 1 1 1 1 1 1 1 1 1 1 1 1 1 0 1 1 0 1 1 1 1 1 1 1 1 1 1 1 1 1 1 0 1 1 1 a 1 1 1 1 1 1 1 0 1 1 0 1 0 1 1 0 
1 0 0 2 2 0 1 1 1 0 1 2 2 1 b 1 1 1 1 1 0 2 0 0 2 2 2 0 0 2 2 1 0 0 1 1 1 2 1 0 0 2 1 2 0 0 2 1 1 2 1 1 1 1 1 1 1 1 0 b 2 1 2 1 0 2 0 2 2 2 2 1 2 1 1 1 2 1 2 1 1 1 0 0 1 1 1 1 2 1 0 1 1 0 1 1 1 a 1 1 1 1 1 1 0 0 1 1 1 0 1 1 1 1 1 0 1 0 0 1 0 1 1 1 1 1 1 1 1 0 1 0 0 0 0 0 1 1 0 1 1 1 1 a 1 1 1 1 1 1 1 0 1 1 1 1 1 1 1 1 
1 1 0 1 1 0 1 2 2 1 2 2 2 1 b 1 1 1 0 1 0 0 2 2 1 0 0 2 2 2 2 0 0 0 1 1 2 2 2 1 1 1 1 1 2 0 1 1 1 2 1 1 1 1 1 1 1 1 1 a 1 0 1 2 2 1 1 2 0 1 1 1 2 1 0 0 2 0 1 1 1 2 0 2 1 1 2 1 2 1 1 1 1 1 1 1 0 a 1 1 1 1 1 1 1 1 1 1 1 1 0 1 1 1 1 1 1 1 1 1 1 1 1 1 1 1 0 0 0 1 1 1 0 1 0 1 1 1 1 1 1 1 1 a 1 0 1 1 0 1 1 1 1 1 1 1 1 1 1 1 
2 2 1 2 2 1 1 1 1 2 2 1 0 0 a 0 1 1 1 2 2 1 1 1 2 1 1 0 0 0 1 1 0 0 1 2 2 2 2 0 0 1 1 1 1 2 1 0 0 1 1 1 1 1 0 1 1 1 1 b 0 2 2 1 2 0 2 1 2 1 2 1 2 0 1 0 1 2 1 2 0 0 2 2 1 2 1 0 0 0 1 1 1 1 1 1 1 a 1 1 1 1 1 1 1 1 0 0 0 1 1 1 1 1 1 1 1 1 0 1 1 1 1 1 1 1 0 1 1 1 1 1 1 1 0 1 1 1 1 1 1 1 0 a 1 1 1 1 1 1 1 1 1 0 0 1 0 1 0 0 
2 1 0 2 1 1 1 2 2 1 1 0 1 2 b 0 1 0 1 1 0 2 2 1 0 1 2 2 1 1 1 1 0 1 0 0 2 0 1 1 2 1 1 1 2 1 2 2 0 2 0 1 1 1 1 1 1 1 1 a 0 2 1 2 1 0 2 2 2 1 2 1 2 1 2 0 1 0 2 1 0 2 1 2 1 1 2 2 1 0 1 1 1 1 1 0 0 a 1 1 0 1 1 1 1 0 0 1 0 1 1 0 1 1 0 0 0 1 1 1 0 1 0 1 1 1 1 1 0 0 1 1 1 1 1 1 1 0 1 1 1 1 1 a 0 1 0 1 1 1 1 1 1 1 1 1 1 0 1 1 
1 1 1 2 2 1 2 1 0 2 1 1 1 1 a 0 1 1 1 0 1 2 0 2 0 0 1 1 2 2 1 0 1 2 1 2 0 1 1 2 0 0 1 0 1 2 2 1 2 1 1 1 1 0 1 1 1 1 2 a 2 1 0 1 1 2 0 1 0 1 2 0 1 0 1 2 0 0 0 2 2 2 2 1 2 2 0 1 2 1 1 0 1 0 1 1 1 a 0 0 1 1 1 1 1 0 0 1 1 1 1 1 0 1 1 1 1 1 1 1 1 1 1 0 1 1 1 1 0 0 1 0 1 0 1 1 1 1 1 1 1 1 1 a 0 0 1 1 1 0 1 0 1 0 0 1 1 1 1 0 
2 1 1 1 1 0 0 0 1 2 2 1 0 1 b 2 1 1 1 1 1 2 1 0 1 2 2 2 1 1 2 2 1 2 0 1 1 2 2 2 1 1 2 2 1 1 1 1 1 1 1 1 1 1 1 1 1 1 1 b 1 2 0 2 1 2 1 2 2 1 2 2 2 2 0 1 1 0 1 2 1 1 2 1 0 0 0 1 0 1 1 1 0 1 0 1 1 a 1 1 1 1 1 1 0 1 1 1 1 1 0 1 1 1 1 0 1 1 1 1 1 1 1 1 1 1 1 1 1 1 1 1 0 1 1 1 1 1 1 1 1 1 0 a 0 1 1 1 1 0 1 1 1 1 1 1 1 1 1 1 
2 2 1 1 0 1 0 1 1 0 0 2 0 1 a 0 0 1 1 2 2 0 2 1 2 0 2 2 1 0 0 0 0 2 1 2 1 1 0 2 1 2 0 2 0 1 0 1 0 2 1 1 1 0 1 1 1 1 1 b 0 1 1 2 2 1 1 2 2 1 1 0 1 2 1 1 2 2 1 1 2 2 2 0 2 2 1 0 1 1 1 0 1 0 1 1 1 a 1 1 1 1 1 1 1 0 1 1 1 1 1 1 1 1 1 1 1 1 1 1 1 1 1 1 1 1 1 1 1 1 1 1 1 1 1 0 1 1 1 0 1 1 1 a 1 1 1 0 1 1 1 1 1 1 0 1 1 1 0 1 
0 1 1 1 1 1 1 2 1 0 2 1 2 1 b 0 1 1 1 2 1 1 2 1 1 2 2 1 2 1 2 2 0 2 1 1 1 0 1 1 2 2 1 2 1 1 2 1 0 1 1 1 0 0 1 1 1 1 2 a 1 1 2 2 2 2 1 1 1 0 0 0 2 0 0 2 1 2 2 2 1 2 2 2 1 0 0 0 1 0 1 1 1 1 1 1 1 a 1 1 1 1 1 1 0 1 0 1 1 0 1 1 0 1 0 0 0 0 1 0 0 0 0 1 1 0 1 1 1 1 1 1 1 0 1 1 1 1 1 1 1 0 1 a 0 1 1 1 1 1 0 1 1 1 1 0 1 1 1 1 
1 2 1 0 0 2 1 2 0 2 1 2 0 1 b 2 1 1 0 0 2 0 0 0 2 1 2 0 0 2 2 1 0 1 1 2 2 2 0 2 1 1 2 2 2 1 0 1 2 0 1 1 1 1 1 1 0 1 1 a 2 1 2 2 2 2 1 2 2 2 2 1 1 2 1 1 1 0 0 2 2 0 0 1 1 1 2 1 2 1 0 1 1 1 1 0 1 a 1 0 0 1 1 1 1 1 1 0 1 1 1 1 1 1 1 1 1 1 1 0 0 1 1 0 1 1 1 1 1 1 1 0 0 1 0 1 1 1 1 1 1 0 1 a 1 0 1 1 1 1 1 0 1 1 1 1 1 1 1 0 
0 0 0 1 2 1 0 1 1 1 2 1 2 2 b 2 1 1 1 2 2 2 1 2 2 0 1 0 2 2 2 0 2 2 0 0 1 1 2 0 1 2 2 0 2 1 2 1 1 1 0 1 0 0 1 1 1 1 1 b 2 2 0 2 0 1 0 2 1 2 2 0 2 1 2 1 2 2 2 2 1 1 2 1 1 2 1 2 2 0 1 1 1 0 1 1 1 a 1 1 1 1 1 1 1 0 1 1 1 1 1 1 1 1 1 1 1 0 1 1 1 1 1 1 0 1 1 0 1 1 1 1 1 0 1 1 1 1 0 1 1 0 1 a 1 1 1 1 0 1 1 1 1 1 1 0 1 1 1 1 
2 1 2 1 2 0 0 2 1 2 2 1 2 1 b 1 1 1 0 1 0 2 1 2 1 2 2 2 2 1 1 2 2 1 0 2 0 1 0 1 1 1 2 1 2 2 2 1 1 1 0 1 1 0 1 1 1 0 1 b 1 1 2 1 1 1 1 1 1 2 1 2 2 2 2 1 2 1 2 0 1 0 1 1 0 2 1 1 2 0 1 1 1 0 1 0 0 a 1 1 0 1 1 1 1 1 0 1 0 0 1 1 1 1 1 1 1 1 1 1 1 1 0 1 1 1 1 0 1 1 0 0 1 0 0 1 1 1 1 1 1 1 1 a 0 1 0 0 0 1 1 1 0 1 1 1 1 1 0 0 
1 0 0 1 1 1 2 2 2 0 2 2 2 1 a 2 1 1 1 2 1 2 0 2 0 2 2 1 0 0 1 0 1 2 1 0 2 2 1 1 0 1 2 0 0 1 0 1 2 2 1 1 1 1 1 1 1 0 1 a 1 1 0 1 0 1 2 1 2 0 2 1 1 0 1 2 1 2 2 1 1 0 0 1 2 0 1 1 2 0 0 0 1 1 1 1 0 a 0 1 1 1 1 0 1 0 1 1 1 1 1 1 1 1 1 1 1 1 1 1 0 1 1 1 1 0 1 1 0 1 1 0 0 1 1 1 0 0 0 1 0 1 1 a 1 0 1 1 0 1 1 0 1 0 0 1 1 1 1 0 
0 1 1 1 1 0 1 1 1 0 1 1 2 2 a 2 1 1 1 1 2 2 2 0 0 2 1 1 2 1 1 0 2 1 1 1 2 2 0 1 1 1 2 1 2 2 1 0 2 1 1 1 1 1 1 0 1 0 1 a 1 1 2 2 1 2 2 1 2 0 2 2 2 2 2 2 2 2 2 2 1 0 2 1 2 1 2 1 1 1 0 1 1 0 0 0 1 a 1 1 1 1 1 1 0 0 1 1 0 1 0 0 1 1 0 1 0 1 0 1 1 1 1 1 1 1 1 1 1 1 0 1 1 0 1 1 1 1 1 1 1 1 0 a 1 1 0 1 1 1 1 1 1 1 1 1 1 0 1 1 
2 1 2 1 2 2 1 1 0 1 2 0 2 0 b 2 1 0 1 1 0 1 1 2 1 1 0 2 2 2 1 1 2 2 2 0 1 1 1 1 0 2 1 2 2 0 1 1 1 1 1 1 1 1 1 0 1 1 1 a 2 1 1 0 0 2 1 2 2 1 2 1 1 1 2 0 2 2 2 2 2 1 1 2 1 2 0 2 1 1 1 1 0 0 1 0 1 a 0 0 1 1 1 1 1 1 0 1 1 1 1 1 1 1 1 1 1 1 1 0 1 1 1 0 0 1 1 1 1 1 0 1 1 1 0 1 1 1 1 1 1 1 1 a 1 1 1 1 0 1 1 0 1 1 1 1 1 1 1 1 
2 2 2 1 1 2 2 0 0 1 2 1 0 0 a 2 1 1 0 0 1 1 1 1 1 1 1 1 1 1 1 1 1 1 0 1 1 1 1 1 0 0 1 1 1 0 1 1 1 1 1 1 1 1 1 1 1 1 1 b 0 0 2 2 1 0 2 2 1 2 2 2 0 0 2 0 1 2 1 1 2 0 2 2 1 2 2 1 2 1 1 1 1 1 1 0 1 a 0 1 1 1 1 1 1 1 1 1 1 1 1 1 1 0 1 1 1 1 1 1 1 1 1 1 1 0 1 0 1 1 1 1 1 0 1 1 1 1 1 0 1 1 0 a 1 1 1 0 1 1 0 0 1 1 1 1 1 1 1 1 
0 1 1 1 1 2 1 1 1 1 0 2 1 2 a 2 1 1 1 0 1 1 1 1 0 0 1 1 1 1 1 1 0 1 1 1 1 1 1 1 1 0 1 1 0 1 1 1 0 1 1 1 1 1 1 1 0 1 1 a 2 1 1 1 2 0 0 1 2 2 1 2 1 1 2 1 1 1 0 2 0 0 2 1 1 1 0 2 1 1 1 1 1 0 0 1 0 a 1 0 1 1 1 0 0 1 1 1 1 1 1 1 0 0 0 1 1 1 1 1 1 1 1 0 1 1 1 1 1 1 0 1 1 1 1 0 1 1 1 1 1 0 0 a 0 1 1 1 0 1 1 0 1 0 1 1 1 1 1 1 
1 0 0 1 2 1 2 1 1 1 2 1 1 2 b 2 0 1 1 1 1 1 1 1 0 1 0 1 1 1 1 1 0 1 1 1 1 1 1 1 1 1 1 1 1 1 1 0 0 1 1 1 1 1 1 1 0 1 2 a 2 2 0 1 1 1 2 1 2 1 1 1 0 1 2 1 1 1 2 0 2 0 2 0 2 2 2 2 2 1 0 0 1 1 0 1 1 a 1 1 0 1 1 1 1 1 1 1 0 0 0 1 1 1 0 1 1 1 1 0 0 1 1 1 1 0 1 1 1 1 1 0 0 0 1 1 1 1 1 1 1 1 1 a 1 0 1 1 1 1 1 1 1 0 0 1 0 1 1 0 
2 2 0 2 0 2 1 2 2 2 2 1 1 2 b 2 1 1 0 0 1 1 0 1 1 1 1 1 1 1 1 0 1 1 1 1 0 1 1 1 0 1 1 0 1 1 1 1 1 0 1 1 1 1 1 1 1 1 1 a 0 2 2 2 1 1 2 2 0 2 1 2 1 1 0 1 1 1 2 2 2 2 2 1 0 2 2 2 2 1 1 1 1 0 1 1 0 a 1 1 1 0 1 1 1 1 1 0 1 1 1 1 1 1 1 0 1 0 1 1 1 0 1 0 1 1 1 1 0 0 1 1 1 1 0 0 0 1 1 1 1 1 1 a 1 1 0 0 1 0 1 0 1 1 0 1 1 1 0 0 
2 1 1 2 2 0 0 1 1 0 2 1 2 1 b 2 1 1 1 0 1 1 0 1 1 1 1 1 1 1 1 1 1 0 1 1 1 1 1 1 1 1 0 1 1 1 1 1 1 1 0 1 1 1 1 0 1 1 2 a 0 2 1 1 2 2 0 1 0 0 2 2 2 2 2 0 2 1 2 1 0 0 1 1 2 0 1 2 0 1 1 1 0 1 1 1 1 a 0 1 1 1 1 1 0 1 1 1 1 1 1 1 1 1 0 1 1 1 1 1 1 0 1 1 0 1 1 1 1 1 1 1 1 1 1 1 1 0 1 1 1 1 1 a 1 0 1 1 1 1 1 1 1 1 1 1 1 1 1 1 
2 2 1 0 0 0 1 0 1 1 2 2 1 2 b 1 1 1 0 1 1 1 1 1 1 1 1 1 1 1 1 1 1 1 1 1 1 0 1 1 1 1 1 0 1 1 0 1 1 1 0 1 0 1 1 1 1 1 1 b 1 1 0 1 2 1 2 2 1 0 0 1 1 2 0 1 1 1 2 1 2 1 1 1 1 2 2 0 1 1 1 1 1 1 1 0 1 a 1 1 1 0 1 1 1 1 1 1 1 1 1 0 1 1 1 1 1 1 0 0 1 1 0 1 1 1 1 1 0 1 1 0 1 1 1 1 1 0 1 1 1 1 1 a 1 1 1 1 1 1 1 1 1 1 0 1 1 1 1 1 
1 0 2 1 2 1 1 1 2 2 2 2 1 2 b 1 1 1 1 1 1 1 0 1 1 1 1 1 1 1 0 1 1 1 1 0 1 1 1 1 1 0 1 1 1 1 1 1 1 1 1 1 1 1 0 1 1 1 1 a 2 2 2 2 2 1 1 2 2 2 1 2 1 0 2 0 2 1 1 2 2 1 1 1 2 1 2 1 2 0 1 1 1 1 0 0 1 a 1 1 1 1 0 1 1 1 1 1 1 0 1 1 1 1 1 1 1 0 1 1 1 1 0 1 1 1 0 1 1 1 1 1 1 0 1 1 0 1 1 1 0 1 1 a 1 1 0 1 1 1 1 1 1 0 1 1 1 1 1 0 
1 2 1 1 1 0 0 2 1 2 1 2 2 1 a 2 1 0 1 1 0 1 1 0 1 1 0 1 1 1 1 0 1 0 1 1 1 1 1 0 1 1 1 0 1 1 1 1 1 1 1 0 1 1 1 1 0 1 0 a 2 0 0 2 1 0 1 0 1 1 0 2 1 0 2 1 1 2 1 2 2 0 0 1 2 1 2 1 1 1 0 1 1 1 1 1 1 a 1 0 1 1 1 0 1 0 1 1 1 1 1 0 1 1 1 1 1 1 1 1 0 1 1 1 1 1 0 1 0 0 1 1 1 1 1 1 0 1 0 1 1 1 0 a 1 0 1 0 1 1 1 1 1 0 1 0 1 1 1 1 
1 1 1 1 1 1 1 1 0 1 1 0 0 1 a 0 1 1 1 1 1 1 0 1 1 0 1 1 1 1 1 1 1 1 1 0 1 1 1 1 1 1 0 1 1 0 1 1 1 0 0 1 1 0 1 1 1 1 1 a 2 2 0 1 2 2 1 2 2 2 0 2 0 0 1 2 0 2 0 1 1 2 2 1 1 2 1 1 1 0 0 0 1 1 1 1 1 a 1 1 1 1 1 1 1 1 0 1 1 1 0 1 1 1 0 1 1 1 1 1 1 1 1 1 1 1 1 0 1 0 1 1 0 1 1 1 1 1 1 1 1 1 1 a 0 1 1 1 0 1 1 0 1 1 1 1 0 1 0 1 
1 1 1 1 1 1 1 0 1 1 0 0 1 1 a 1 0 1 1 1 0 1 1 1 1 1 1 1 0 1 1 1 0 1 1 0 1 1 1 1 0 1 1 1 0 0 0 1 1 0 0 1 0 1 0 1 1 1 0 a 1 1 1 1 1 1 1 1 1 0 0 1 1 1 1 1 0 0 0 1 1 1 0 1 1 0 0 0 0 1 1 0 0 1 1 1 1 a 1 1 1 0 1 1 0 1 0 1 1 0 1 1 1 1 0 1 1 1 1 0 0 1 0 1 1 1 1 0 0 0 1 1 0 1 1 1 1 1 1 1 1 1 1 a 1 0 1 0 1 1 0 1 0 1 0 1 1 1 1 1 
1 1 1 1 0 0 1 1 1 0 1 1 0 1 a 0 1 1 1 1 1 1 0 1 1 1 1 0 1 1 1 1 1 1 1 1 1 1 0 1 1 1 1 1 1 1 1 0 1 1 1 0 1 1 0 1 0 1 0 a 1 1 1 1 1 1 1 0 0 1 1 1 1 1 1 0 0 0 1 0 1 1 0 0 1 1 0 1 1 1 1 1 1 0 1 1 1 a 1 1 0 0 1 1 1 1 1 0 1 1 1 1 1 1 1 1 1 0 1 1 0 1 1 1 1 0 1 1 0 1 1 0 1 1 1 1 0 1 1 1 1 1 1 a 1 0 1 1 0 1 1 1 1 1 1 1 1 1 1 1 
1 1 1 1 0 1 1 1 0 1 1 1 1 1 a 1 1 1 1 1 1 0 1 1 1 1 1 1 0 1 0 0 0 1 1 1 1 1 1 1 1 0 1 0 1 0 1 1 0 1 1 1 1 0 1 1 1 1 0 a 1 1 0 1 1 1 1 1 1 0 1 0 1 1 0 0 1 1 0 1 1 1 0 0 1 1 1 1 1 1 0 1 0 1 1 1 1 a 0 1 1 1 1 1 1 1 0 1 1 1 1 0 1 1 1 0 1 1 1 1 1 1 1 1 1 1 0 0 1 1 1 1 1 0 1 1 1 1 1 0 1 1 1 a 1 0 1 1 1 1 1 1 1 0 1 1 1 1 1 1 
1 1 1 0 1 1 0 1 1 0 1 0 1 1 a 1 0 1 0 1 1 1 0 1 1 1 1 0 1 1 1 1 1 1 0 1 1 1 1 1 1 1 1 0 0 0 1 1 1 1 1 0 1 1 0 1 1 1 0 a 0 1 1 1 1 1 0 1 0 0 1 0 1 1 1 1 1 0 0 1 1 1 1 0 1 1 0 1 1 0 1 1 1 1 1 1 0 a 1 0 0 1 1 0 1 1 1 1 1 0 1 0 1 1 1 1 1 1 1 1 0 1 1 1 1 0 1 1 1 1 0 1 1 1 0 1 1 1 1 0 1 1 1 a 1 1 0 1 1 1 0 1 1 1 1 1 1 1 1 1 
1 1 0 1 1 0 1 0 1 1 0 1 1 1 a 0 1 1 1 0 1 1 1 1 1 1 1 1 0 1 1 1 0 1 0 1 1 0 1 0 1 1 1 1 1 1 1 1 1 1 1 0 0 1 1 1 1 1 1 a 1 1 1 1 1 0 1 1 1 1 0 0 1 1 1 1 1 1 1 1 1 1 0 0 1 1 0 1 1 0 0 1 0 0 1 1 1 a 1 1 1 1 1 1 1 1 0 1 0 1 1 1 1 1 0 1 1 0 1 1 1 1 1 0 0 1 1 1 1 1 1 1 1 1 1 0 1 1 1 1 1 0 1 a 1 1 1 1 1 0 1 1 1 0 1 1 1 1 1 1 
1 0 1 0 1 1 1 1 1 1 1 1 0 1 a 1 1 1 1 0 0 1 1 1 1 1 0 1 1 1 0 1 1 1 1 1 1 0 1 1 1 1 1 1 0 1 1 0 1 1 1 1 1 1 1 1 1 1 1 a 1 1 1 1 1 1 0 0 1 0 0 1 1 1 1 1 1 1 1 0 1 1 0 0 1 1 1 1 1 1 1 1 1 1 1 1 1 a 1 1 1 1 1 1 1 1 0 1 1 0 0 0 1 1 1 1 1 1 1 0 1 1 1 1 1 1 1 1 1 1 1 1 1 1 1 1 1 1 1 0 0 1 0 a 1 1 1 1 1 0 0 1 1 1 1 1 1 1 0 1 
1 1 1 1 0 0 0 1 1 1 1 1 0 1 a 1 0 1 1 1 1 1 0 1 0 1 1 1 0 1 1 0 0 0 1 1 1 1 1 1 1 0 1 1 1 0 1 0 1 1 0 1 1 1 1 1 0 1 0 a 1 1 1 1 1 1 1 1 1 1 0 1 1 0 1 1 1 1 0 1 1 1 1 1 1 0 1 1 1 1 0 1 1 1 1 1 1 a 1 1 1 1 1 1 1 1 0 1 0 0 1 0 1 0 1 0 1 1 0 1 1 1 1 0 0 1 0 1 1 0 1 0 0 1 0 0 1 1 1 1 1 1 1 a 1 1 0 0 1 0 1 1 1 1 1 1 1 1 1 1 
1 1 1 0 1 1 1 1 0 1 1 0 1 1 a 0 1 0 1 1 1 1 1 1 1 1 1 1 1 1 0 1 1 1 0 1 1 1 1 1 1 1 1 1 0 1 1 1 1 1 1 0 1 0 1 1 1 1 1 a 1 1 1 1 1 1 1 1 1 1 0 1 1 0 0 1 1 1 1 1 0 1 1 1 1 1 1 0 0 0 1 1 1 1 1 0 1 a 1 1 1 0 1 1 1 0 1 1 1 1 1 1 0 0 1 1 1 1 1 1 1 0 1 0 1 0 1 1 0 1 0 1 0 1 1 1 1 0 0 0 1 1 0 a 1 1 1 0 1 1 0 1 1 1 1 0 0 0 1 1 
1 1 1 1 1 1 1 1 1 1 1 0 0 1 a 1 1 1 0 1 1 1 0 1 0 1 1 1 1 1 1 1 1 1 1 1 1 1 1 1 1 1 1 1 1 1 1 1 0 1 1 1 1 1 0 1 1 1 1 a 1 1 1 1 1 1 1 0 1 1 1 1 0 1 1 1 0 1 1 1 1 1 0 1 1 0 1 1 1 1 1 1 0 1 0 0 0 a 0 1 1 0 1 1 0 1 1 1 1 1 1 1 1 1 1 1 1 1 1 1 1 1 1 1 1 1 1 1 1 1 0 1 1 1 1 1 1 1 0 0 1 1 1 a 1 1 1 0 1 1 1 1 1 1 1 1 1 1 1 1 
0 1 0 1 1 1 1 1 1 1 1 0 1 1 a 1 0 0 1 1 1 0 0 0 0 1 1 1 0 1 1 1 1 1 1 1 1 1 1 1 1 1 0 1 1 1 1 0 0 0 1 1 1 1 1 0 1 1 0 a 0 1 1 1 1 1 1 1 1 1 1 1 0 1 0 1 1 0 1 1 0 1 1 1 1 0 0 1 1 1 1 1 1 1 1 1 1 a 0 1 1 0 1 0 1 1 1 0 1 1 1 1 1 1 1 1 1 1 0 0 1 1 0 1 1 1 1 1 0 1 1 0 1 1 1 1 1 1 1 1 0 1 1 a 1 1 1 1 0 1 1 1 1 1 1 1 1 1 1 1 
