6 10
114 15
101 113
16 156
47 121
39 2
75 26
113 49
59 154
48 126
1 0 1 1 1 1 1 1 1 1 1 1 1 1 0 1 1 0 1 1 0 1 1 1 1 0 0 1 0 1 0 1 0 1 0 1 1 0 1 1 0 1 1 0 1 1 1 1 1 0 1 1 1 1 1 1 1 1 1 1 1 1 1 0 0 0 1 1 1 1 1 1 1 1 1 1 1 1 1 0 0 1 0 1 0 1 1 0 0 1 1 1 1 1 1 1 1 1 1 0 1 1 1 1 1 1 1 0 1 1 1 1 1 0 1 0 1 1 1 1 0 1 1 1 1 0 0 1 1 1 1 1 1 0 1 0 1 1 1 1 1 0 1 0 1 1 1 1 1 0 1 1 1 1 0 1 1 1 1 1 
1 1 1 1 1 1 0 1 1 0 1 1 0 1 1 1 1 0 1 1 1 0 1 1 1 0 1 1 0 1 1 1 0 1 1 0 1 0 0 1 0 1 0 0 1 1 1 1 1 0 1 1 1 1 1 1 1 1 1 1 1 1 1 0 1 1 1 0 1 1 1 1 1 1 0 1 1 1 1 1 1 1 1 1 1 1 1 1 0 0 0 1 1 1 1 1 1 1 1 0 1 1 1 1 1 1 1 1 1 0 0 0 1 1 0 0 1 1 1 1 1 1 1 1 1 0 1 1 0 1 1 1 0 1 1 0 1 0 1 1 1 1 2 1 0 0 1 2 1 1 0 1 0 2 1 2 0 2 2 1 
1 0 0 1 1 1 1 1 1 1 1 1 0 1 1 0 1 1 1 1 1 1 1 1 1 1 1 1 1 0 0 1 1 0 1 0 1 1 1 1 0 1 1 1 1 1 1 1 1 0 1 1 1 1 1 1 1 1 1 1 1 0 0 0 1 0 1 1 0 1 0 1 1 1 1 1 1 0 1 1 0 1 0 1 0 1 1 1 1 1 1 1 1 0 1 1 1 0 1 0 1 1 1 1 1 0 1 1 1 1 1 1 1 1 0 1 1 1 0 1 1 0 1 1 1 1 1 1 1 0 0 1 0 1 1 0 1 1 1 1 0 1 0 2 0 2 2 2 2 2 0 1 2 2 1 1 1 2 1 1 
1 1 1 1 0 1 1 1 1 0 0 0 1 1 1 1 1 1 1 0 1 1 1 1 1 0 0 1 1 1 1 0 1 1 1 1 1 1 1 1 1 1 0 1 0 0 1 1 1 1 1 1 0 1 1 1 0 1 1 1 1 1 1 1 1 0 0 0 0 1 1 1 1 1 1 0 1 1 1 0 1 1 1 1 1 1 0 1 1 0 1 0 1 1 0 1 1 1 0 1 1 1 1 1 1 1 1 1 1 1 1 1 1 1 1 1 1 1 1 1 1 1 1 1 1 1 1 1 1 1 1 0 1 1 1 1 0 1 1 1 1 1 2 0 0 1 2 2 2 2 1 1 0 2 2 1 2 0 2 1 
1 1 0 1 0 1 1 0 1 1 0 0 0 1 0 1 1 0 1 1 1 0 1 1 1 1 1 0 1 1 1 1 0 1 0 1 0 1 0 1 1 1 1 0 1 1 1 1 1 1 1 1 1 1 0 1 1 1 1 0 0 1 1 1 0 0 0 1 1 1 1 0 1 0 1 1 0 1 1 1 0 0 1 1 1 1 1 0 0 1 1 1 0 1 1 1 1 0 0 0 1 1 1 1 0 0 0 1 1 1 0 1 1 1 1 0 1 0 1 1 1 1 1 0 0 0 1 0 0 0 0 0 1 1 0 1 1 1 1 0 0 2 1 0 0 1 1 2 1 2 0 1 2 2 0 0 2 2 2 0 
1 1 1 0 0 0 0 0 1 1 0 1 1 1 1 1 1 1 1 1 1 1 1 1 1 1 1 1 1 1 1 1 1 1 1 1 1 1 0 1 1 0 1 1 0 0 1 1 1 1 1 1 1 1 1 1 1 1 1 0 0 1 1 1 0 1 1 1 1 1 0 1 1 1 1 1 1 1 1 1 0 0 1 1 1 0 1 1 0 1 1 0 1 1 0 1 1 1 1 1 1 1 1 1 0 1 1 1 1 1 1 1 0 1 0 1 1 1 1 1 1 1 1 1 1 1 1 0 1 1 1 1 1 1 1 1 1 1 0 1 1 0 2 1 0 0 0 1 2 1 1 0 2 0 2 1 1 2 1 1 
1 1 0 0 1 1 1 1 1 1 1 1 1 1 1 1 1 1 1 1 1 1 1 1 1 0 1 0 1 1 1 0 1 1 0 1 1 1 0 1 1 1 0 1 0 1 1 0 0 0 1 1 1 1 1 1 1 1 1 0 1 1 1 1 1 1 1 1 0 1 0 1 1 1 0 1 1 1 1 1 1 0 1 0 1 1 0 0 1 1 1 0 0 1 1 0 1 1 0 0 1 0 1 1 0 1 0 0 0 1 0 1 1 1 1 1 0 1 1 1 1 1 1 1 1 1 0 1 0 1 1 1 1 1 0 1 0 1 1 1 1 1 0 1 2 1 1 2 1 0 0 0 2 2 1 1 2 0 2 2 
0 0 0 1 1 1 1 1 1 1 1 1 1 0 1 1 1 1 1 1 1 1 1 1 1 1 0 1 1 0 1 1 1 1 1 1 1 0 0 0 1 0 1 1 1 0 1 1 1 1 1 1 1 1 0 1 0 1 1 1 1 1 0 1 1 0 0 1 1 1 1 0 1 1 1 1 1 1 1 1 0 1 1 1 1 1 0 0 1 1 0 1 1 0 1 1 0 1 0 1 1 0 1 1 1 1 1 1 1 0 1 1 1 1 1 1 1 1 1 1 1 0 1 1 0 1 1 1 0 1 1 0 1 1 1 0 0 0 1 0 0 2 0 0 2 1 0 2 1 1 1 2 0 1 2 1 0 2 0 0 
0 1 0 1 0 1 1 1 1 0 1 1 1 0 0 0 1 1 0 0 1 1 1 1 1 0 1 1 1 1 1 1 1 1 1 1 1 1 1 1 0 1 1 1 1 0 1 1 0 0 1 1 1 1 1 1 1 0 1 1 1 1 1 1 1 1 0 1 1 1 1 1 1 1 1 1 1 1 1 1 1 1 1 1 0 1 1 0 1 0 1 0 0 1 1 1 1 1 1 1 1 1 0 1 1 1 1 1 1 0 1 1 1 0 1 1 1 1 0 0 1 1 1 0 1 1 1 1 1 1 1 1 1 1 1 1 1 1 1 1 1 1 1 2 1 0 2 2 2 1 0 1 2 2 2 1 2 1 2 0 
0 1 1 1 1 1 1 1 1 1 0 1 0 1 1 0 1 1 1 1 0 0 1 1 1 0 0 1 1 0 1 1 1 0 1 1 1 1 1 0 1 1 1 1 1 1 1 1 0 0 1 1 1 1 1 1 1 0 1 1 1 1 1 1 1 1 1 1 1 1 1 1 1 1 1 1 1 1 1 1 1 1 1 1 1 1 0 0 1 1 1 1 1 1 0 1 1 1 1 1 1 1 0 1 1 1 1 0 1 1 0 1 1 0 0 1 0 1 1 1 1 1 1 0 1 1 0 1 1 0 1 1 0 1 1 1 1 1 1 1 0 1 2 1 1 1 1 2 0 0 2 2 2 1 1 2 2 2 2 2 
0 1 1 1 0 1 1 1 1 1 0 0 1 0 1 1 1 1 1 1 0 0 1 1 1 0 1 1 1 0 1 1 1 0 1 1 1 1 0 1 1 0 1 1 1 1 1 1 1 1 0 1 1 1 1 1 1 1 1 1 1 1 1 1 0 1 1 1 1 0 1 1 1 1 1 1 1 1 1 1 0 1 1 1 1 1 1 1 1 1 1 1 0 0 0 1 0 1 1 1 1 1 1 1 1 1 1 0 1 1 0 1 1 1 0 1 1 0 1 1 1 1 1 0 1 0 1 1 1 1 1 1 0 1 0 0 1 1 1 0 1 1 1 1 1 2 2 2 0 2 1 2 2 0 2 0 0 1 2 0 
1 1 0 0 1 1 1 1 1 1 1 1 1 1 1 1 1 1 1 1 1 1 1 1 1 1 1 1 1 1 1 1 1 0 0 1 1 1 1 1 1 1 1 1 1 1 1 1 1 1 1 1 0 1 0 1 1 0 0 0 1 1 1 0 1 1 1 1 1 1 1 1 1 1 1 1 1 1 1 1 1 0 1 0 1 1 0 1 1 1 1 1 1 1 1 1 1 0 1 0 1 0 1 1 1 1 1 1 1 1 1 1 1 1 0 1 0 1 1 1 1 1 0 1 1 1 1 1 1 0 1 1 1 1 1 0 1 0 1 1 1 1 1 2 2 2 0 1 2 2 1 0 2 0 2 2 2 1 1 0 
1 1 1 0 0 1 1 1 1 1 1 1 1 0 1 0 1 1 1 1 0 1 1 1 0 1 1 0 0 1 1 0 1 1 1 0 1 1 1 0 0 1 1 1 1 1 1 1 1 1 0 1 0 1 1 0 1 1 1 1 1 0 1 1 1 1 1 1 1 1 1 1 1 1 0 1 1 1 1 1 0 1 1 1 1 1 1 1 0 1 1 1 1 1 1 1 1 1 0 0 1 1 1 0 0 0 1 1 1 1 1 0 1 1 1 1 0 1 1 1 1 1 1 1 1 1 1 0 0 1 1 1 1 1 1 1 1 1 1 0 1 0 2 0 0 1 0 1 0 1 2 1 2 2 2 2 0 0 2 1 
1 1 1 1 1 1 0 1 1 1 1 0 1 0 1 1 1 1 1 0 1 1 1 1 1 0 0 1 1 1 1 1 0 1 1 1 0 1 1 1 1 1 1 1 1 0 0 0 1 1 1 1 1 1 0 1 1 1 1 1 0 1 1 1 0 1 1 1 1 1 1 1 1 1 1 0 1 1 1 1 1 1 1 0 0 1 1 1 1 1 1 1 1 1 1 1 0 1 0 0 0 1 1 1 1 1 0 0 1 1 1 1 1 1 1 1 0 0 1 1 0 1 0 1 1 1 1 1 1 1 0 1 1 1 1 1 1 1 1 1 1 2 1 1 2 1 0 2 1 1 1 1 2 0 1 1 2 1 0 1 
1 0 1 1 0 1 1 1 1 1 0 1 0 0 1 0 1 1 1 1 1 1 1 0 1 1 0 1 1 1 1 1 1 1 1 1 1 1 1 1 1 1 0 0 1 1 1 1 1 0 1 1 0 1 1 1 1 1 1 0 0 1 1 1 0 1 1 1 1 1 1 1 1 1 1 0 1 1 1 1 1 1 1 1 0 0 0 1 1 1 1 1 1 1 1 1 1 0 1 1 1 0 1 1 1 1 1 0 1 1 1 1 1 1 1 1 1 0 1 0 0 1 1 1 1 1 1 1 1 1 1 1 0 1 1 1 0 1 1 0 1 1 2 2 2 2 1 2 2 1 2 1 2 1 2 1 2 1 2 0 
1 1 1 1 1 1 0 1 1 1 1 1 1 1 0 1 0 1 1 1 1 1 0 0 1 1 1 1 1 1 1 0 1 1 0 1 1 1 0 0 0 1 1 1 1 0 0 0 0 1 1 1 0 1 1 1 1 1 1 1 1 0 1 1 1 1 1 1 0 1 0 0 1 1 1 0 1 0 0 1 1 1 1 1 1 1 1 1 1 1 1 1 0 1 1 1 1 1 0 1 1 1 1 1 1 1 1 1 1 1 1 1 1 1 1 1 1 1 0 0 0 1 0 1 1 1 1 1 1 1 0 1 1 1 0 1 1 1 0 1 1 2 1 0 2 2 2 0 1 1 0 0 1 2 2 1 0 2 0 2 
1 1 1 0 1 1 0 1 1 1 1 1 1 1 1 1 1 1 1 0 1 1 1 0 1 1 1 0 0 0 0 1 1 1 1 1 1 1 1 0 1 1 1 1 1 0 1 0 0 1 0 1 1 1 1 1 1 1 0 1 0 1 1 0 0 1 0 0 1 1 1 1 1 1 0 1 1 1 0 1 0 0 1 1 1 1 1 1 1 1 1 1 1 0 1 1 1 1 1 1 1 0 1 1 1 1 1 1 1 1 1 1 0 1 1 1 1 1 1 1 1 0 0 1 1 0 0 1 1 0 0 0 0 1 1 1 1 1 1 0 1 1 2 2 1 1 2 1 1 2 1 2 0 1 1 1 2 1 1 0 
1 0 0 1 1 1 1 1 1 1 1 1 1 1 1 1 1 0 1 1 1 1 0 1 1 0 1 1 1 0 1 1 1 0 1 1 0 1 1 1 0 1 1 1 0 1 0 1 1 1 1 1 1 1 1 1 1 1 0 1 1 1 1 1 1 1 1 1 1 1 1 1 1 1 0 1 1 1 1 1 1 1 1 0 1 0 1 1 1 0 1 1 1 0 0 0 1 1 1 1 1 1 1 1 1 0 1 1 1 1 1 1 0 1 1 1 1 1 1 0 1 1 1 1 1 0 1 1 1 1 1 1 1 1 1 1 1 1 1 1 1 1 1 1 2 2 2 1 0 0 2 1 1 1 1 1 0 1 1 2 
0 1 1 1 1 0 1 1 0 1 0 1 1 0 1 1 1 1 0 1 0 1 0 0 1 1 1 1 0 1 1 1 1 1 1 1 0 1 1 0 0 1 1 1 1 1 1 1 1 1 1 1 1 1 0 1 1 1 0 1 0 1 0 1 1 1 1 1 1 1 1 1 1 1 1 1 1 1 1 1 0 1 1 1 1 1 1 0 1 1 1 1 1 1 1 1 1 1 1 1 1 1 1 1 1 1 0 1 1 1 0 1 1 1 1 1 1 1 1 1 1 1 1 0 1 1 1 1 1 0 0 1 1 1 1 1 1 1 0 1 1 0 2 0 1 2 2 1 2 2 1 1 2 2 1 0 2 1 2 2 
0 1 0 0 1 1 1 1 0 1 1 0 1 1 1 1 0 0 1 1 1 0 1 1 0 1 1 1 1 0 1 0 1 1 0 1 1 1 1 1 1 1 1 1 1 1 0 1 1 1 1 1 1 1 1 0 1 0 1 1 1 1 1 1 1 1 1 1 1 0 1 1 1 1 1 1 0 0 1 0 1 1 1 1 0 1 1 1 1 1 1 0 1 1 1 1 1 1 1 1 1 1 1 1 1 0 1 1 1 1 1 1 1 1 1 1 0 1 1 1 1 1 0 1 1 0 1 0 1 1 0 1 1 1 1 0 1 1 1 1 1 2 1 0 2 1 1 0 2 1 1 1 2 2 1 2 1 2 2 2 
1 0 1 0 1 1 0 0 1 1 1 1 1 1 0 1 1 1 1 1 1 0 1 0 0 1 1 1 1 1 1 1 1 1 1 0 0 1 1 1 1 1 1 1 1 1 1 1 0 1 1 0 0 1 1 0 1 1 1 1 1 1 1 0 1 1 1 0 1 1 1 1 1 0 1 1 1 1 0 1 1 1 0 1 1 1 0 0 1 1 1 1 0 1 0 1 1 1 1 1 1 1 1 1 1 1 1 1 1 0 0 0 0 1 0 0 1 1 0 1 0 1 1 1 0 1 1 0 1 1 0 1 1 1 1 1 0 1 1 1 1 1 2 2 0 1 2 1 2 2 2 2 1 0 0 2 2 0 2 2 
a a a a a a a a a a a a a a a a a a a a a a a a a a a a a a a a a a a a a a a a a a a a a a a a a a a a a a a a a a a a a a a a a a a a a a a a a a a a a a a a a a a a a a a a a a a a a a a a a a a a a a a a a a a a a a a a a a a a a a a a a a a a a a a a a a a a a a a a a a a a a b a a a b a b b a a b a a a a a a a a 
1 0 1 0 0 1 1 1 0 1 1 1 1 1 1 1 1 1 1 1 0 1 0 0 1 1 0 1 1 1 1 1 1 1 1 1 0 1 1 0 0 0 1 1 1 1 1 1 1 1 0 1 0 1 1 1 1 1 1 0 1 1 1 1 0 1 1 1 1 0 0 1 1 1 1 1 1 1 1 1 0 1 1 0 0 1 1 1 1 0 0 1 1 1 1 1 1 1 0 1 1 1 1 0 1 1 0 1 1 1 0 0 1 1 0 1 1 1 1 1 0 1 1 1 1 1 0 1 0 1 1 1 1 0 1 1 1 1 0 1 1 1 2 1 0 0 2 2 2 1 0 2 1 0 2 1 1 2 1 2 
1 1 1 1 1 0 1 1 1 1 1 0 0 1 1 1 1 1 1 1 0 1 1 1 1 1 0 1 1 1 0 1 1 1 1 1 1 1 1 1 1 1 1 1 1 0 1 1 1 0 0 1 1 0 1 1 1 1 1 1 0 1 1 0 1 0 1 1 1 0 0 1 1 1 1 1 1 1 1 1 1 1 0 1 1 1 1 1 1 1 0 0 1 1 1 1 0 1 1 1 1 1 1 0 0 1 1 1 1 1 0 1 1 1 1 0 1 1 1 1 1 1 1 1 0 0 1 0 1 1 1 1 0 1 1 1 1 0 1 0 0 0 1 2 1 2 0 1 0 2 1 2 2 2 0 0 0 0 0 2 
2 1 1 1 1 2 0 0 1 1 1 0 1 2 2 2 1 2 1 1 1 0 1 1 1 1 1 0 1 1 1 1 1 1 1 1 0 1 1 1 1 1 0 1 0 0 1 1 0 1 1 1 1 1 1 1 1 1 0 1 1 1 1 0 1 1 1 1 1 1 1 1 1 1 1 1 1 1 1 1 0 0 1 0 1 1 0 1 0 1 1 1 1 1 1 1 1 0 0 0 1 1 1 1 1 1 1 1 1 0 1 1 1 1 1 1 1 1 1 1 1 0 1 0 1 0 1 1 1 0 1 0 1 1 0 1 1 1 1 1 1 2 1 1 1 2 2 1 1 1 1 2 2 0 2 1 2 0 1 0 
1 1 0 2 1 1 2 1 0 1 2 2 1 0 1 1 1 0 1 1 1 1 1 1 1 1 1 1 1 0 1 1 1 1 1 1 1 1 1 1 1 1 1 1 1 1 1 1 1 1 1 1 1 0 1 1 1 1 1 1 1 1 1 1 1 0 0 1 1 1 0 1 1 0 1 1 1 1 1 1 1 0 1 1 0 1 1 0 0 1 1 1 0 0 1 1 1 1 1 1 1 1 1 1 1 1 1 1 1 0 1 1 1 1 0 1 1 1 0 1 1 1 1 0 0 1 1 1 1 1 1 0 1 0 1 1 1 0 1 0 0 1 2 2 1 0 1 1 0 2 1 1 2 1 2 1 1 2 2 2 
1 1 0 2 0 0 1 1 2 0 2 1 2 2 2 0 0 2 1 1 1 0 1 1 1 1 1 1 1 1 1 1 1 1 0 1 1 0 1 1 1 1 1 1 0 1 1 1 1 0 0 0 1 1 1 1 1 1 1 1 1 0 0 1 1 1 1 1 0 1 1 1 1 1 1 1 0 1 1 1 1 0 1 1 1 1 0 1 1 0 1 1 1 0 1 1 1 1 0 1 1 1 1 1 0 0 1 0 0 0 0 0 1 0 1 0 1 1 1 1 1 1 0 1 1 0 0 1 1 0 1 1 1 0 1 1 0 0 0 1 1 0 2 1 1 1 0 1 0 2 2 2 2 2 0 1 1 1 0 1 
2 0 2 1 2 0 2 2 2 0 1 0 1 2 0 0 2 2 1 1 1 1 0 1 0 0 1 1 1 1 1 1 1 1 1 0 0 1 1 1 1 0 1 1 1 1 1 1 1 0 0 1 1 1 1 1 1 1 0 1 1 1 0 1 1 0 1 1 1 1 1 0 1 1 1 1 1 0 0 1 0 0 1 1 1 1 1 0 0 1 0 1 1 1 1 1 1 1 1 1 1 1 0 1 1 1 1 1 0 0 1 1 0 1 1 0 0 1 1 0 1 1 1 1 1 1 1 1 1 1 1 0 1 1 1 1 1 1 1 1 0 2 2 1 2 0 2 2 1 1 0 1 2 2 1 2 1 1 2 1 
1 2 0 1 0 2 0 2 2 2 1 0 1 0 0 2 0 2 1 0 1 0 1 1 1 1 0 1 1 1 1 1 1 1 1 1 1 1 1 1 1 1 0 1 1 1 1 1 1 1 1 1 1 0 1 1 0 1 1 1 1 0 0 1 0 1 0 1 1 0 1 1 0 1 1 1 1 1 1 1 1 1 1 1 1 1 1 0 0 1 1 1 1 1 1 0 1 0 1 1 1 1 1 1 1 1 1 1 1 1 1 1 0 0 1 1 0 1 0 0 0 1 1 1 1 1 0 1 1 1 1 1 1 1 1 1 1 1 1 1 0 1 1 2 2 2 1 1 1 0 1 0 0 0 1 1 0 1 2 2 
0 1 0 2 2 1 1 2 2 2 2 1 2 1 0 1 1 1 1 1 1 1 0 1 0 0 1 1 1 1 0 1 1 1 1 0 1 0 1 1 1 0 1 1 1 1 0 1 1 1 1 1 0 1 1 0 1 1 1 1 1 1 1 1 0 1 0 0 1 1 1 0 0 1 1 1 1 1 1 0 1 1 1 0 1 1 1 1 1 1 1 1 1 1 0 1 1 0 1 1 0 1 1 1 1 1 1 0 1 1 1 1 1 1 0 1 1 1 1 1 1 1 1 1 1 1 0 1 1 1 1 1 1 1 0 0 1 1 1 1 1 0 0 2 0 2 2 1 2 0 2 1 1 1 0 1 1 0 1 1 
0 0 0 2 1 0 2 1 1 0 1 2 2 2 2 0 2 1 0 1 1 1 1 0 1 1 0 1 1 1 1 1 0 0 1 1 1 1 1 1 1 1 1 0 1 1 1 0 1 1 1 1 0 0 0 1 1 1 1 1 0 1 1 1 1 1 1 1 1 1 1 0 1 0 1 1 1 0 1 1 0 1 1 1 1 1 1 1 1 1 1 1 1 1 1 1 1 1 1 0 1 1 0 1 1 0 1 0 1 1 1 1 0 1 1 0 1 0 0 1 1 1 1 1 1 0 0 1 1 0 0 0 1 0 1 1 1 1 1 1 1 1 2 1 0 2 1 1 2 0 2 2 2 2 0 1 2 0 1 0 
1 1 2 1 1 0 2 2 2 2 1 2 2 1 2 0 0 1 1 1 1 1 0 1 0 1 1 1 1 1 0 1 1 1 1 1 1 1 1 1 1 0 0 1 1 1 1 1 1 0 1 1 1 1 1 1 0 1 1 1 1 1 1 0 1 1 1 1 1 0 1 1 1 1 1 0 1 1 0 1 1 1 0 1 1 1 1 1 1 1 1 0 0 1 0 0 1 1 0 1 1 1 0 1 1 1 1 1 1 0 1 1 1 1 1 1 1 1 1 1 1 1 0 1 1 1 1 0 1 1 1 1 1 1 0 1 1 1 1 1 1 2 0 2 1 2 2 0 2 1 0 1 0 0 1 1 2 0 2 2 
0 2 1 1 2 2 2 1 0 2 2 2 2 0 2 1 2 1 1 0 1 1 1 1 1 1 0 0 0 1 1 0 1 1 0 1 1 1 1 1 1 1 0 1 1 1 1 1 1 0 1 0 1 1 1 1 1 0 1 1 1 1 0 1 0 1 0 0 1 1 1 0 1 1 1 1 1 0 1 1 1 1 1 1 1 1 1 1 1 0 1 1 1 0 1 0 1 1 1 1 1 1 1 1 1 1 1 2 2 0 2 1 1 0 1 2 0 1 2 2 1 2 0 0 1 2 2 1 1 1 0 1 0 1 1 1 1 1 1 0 0 1 1 1 1 1 1 1 1 1 1 0 1 1 1 1 0 1 1 1 
2 2 2 0 1 1 1 1 2 1 1 2 1 2 1 1 1 2 1 1 1 1 1 1 1 1 0 1 0 1 0 1 1 1 1 1 1 0 1 1 1 0 1 1 1 1 0 0 1 1 1 1 1 0 1 1 1 1 1 1 0 1 1 0 1 1 0 1 1 1 1 1 1 1 0 1 1 1 1 1 1 1 1 0 1 1 1 1 1 1 1 0 1 1 1 1 1 1 1 1 1 1 1 1 1 0 1 1 0 2 1 2 2 1 2 2 0 0 1 2 2 2 2 2 0 2 2 2 1 2 0 1 1 2 2 1 2 2 2 1 2 2 1 1 0 1 1 1 1 1 1 0 1 0 1 1 1 1 1 1 
2 2 1 1 2 0 1 1 0 1 1 1 0 2 1 2 0 1 1 1 0 1 0 0 1 1 0 0 1 1 1 1 1 1 0 0 0 1 1 0 1 1 1 1 1 1 1 1 1 1 0 1 1 0 1 1 1 1 1 0 1 0 1 1 0 1 1 1 0 1 1 1 1 0 0 1 0 1 1 1 1 1 0 1 1 1 1 1 0 1 1 0 0 1 0 1 1 1 0 1 0 1 0 1 1 1 0 1 2 0 1 0 2 2 0 2 2 2 0 0 1 1 2 2 2 2 2 2 2 2 2 2 2 2 2 2 2 1 0 2 1 1 1 1 1 1 1 1 1 0 1 1 1 1 0 1 1 1 1 1 
2 0 1 1 0 2 2 1 2 2 2 2 2 1 2 1 2 0 1 1 0 1 1 1 1 1 1 1 1 1 0 1 1 1 1 1 1 1 1 1 1 1 1 1 1 1 1 1 1 1 1 1 0 1 1 1 0 1 1 1 1 1 1 1 1 1 0 0 0 1 1 1 1 1 1 0 1 0 1 1 1 0 0 1 1 1 1 1 1 0 0 0 1 0 1 0 1 1 0 1 1 1 1 0 1 1 2 2 0 0 1 0 0 2 2 2 0 1 2 2 2 0 2 1 1 2 2 2 2 2 2 1 2 2 2 0 0 1 1 2 2 0 1 1 1 1 1 1 1 1 1 1 0 0 0 0 1 1 1 1 
2 1 1 1 1 0 1 1 2 1 1 1 1 2 1 2 0 2 1 1 1 1 1 1 1 1 1 0 1 0 1 1 0 1 1 1 1 1 1 1 1 1 1 1 0 1 1 1 1 1 1 0 1 1 0 1 1 1 1 0 0 1 1 1 1 1 1 1 1 1 1 1 1 1 1 1 1 1 1 1 1 1 1 1 0 1 1 0 1 1 1 0 1 1 1 0 1 0 1 1 1 0 0 0 1 1 1 2 1 0 1 2 2 1 0 0 0 2 1 0 2 0 2 0 2 2 2 2 2 2 2 2 2 1 2 2 2 2 2 1 0 0 1 1 1 1 1 1 1 1 1 0 0 1 1 1 1 1 1 1 
0 2 2 1 2 2 1 0 1 2 1 0 0 1 2 0 2 2 1 0 1 1 1 0 1 1 1 1 1 1 1 0 0 1 1 0 1 1 0 0 0 1 0 0 1 1 1 1 0 1 1 1 0 1 0 1 1 0 1 1 1 1 0 1 1 1 1 1 1 1 1 1 0 1 0 1 1 1 0 1 1 0 1 1 0 1 0 0 1 1 1 1 0 1 1 1 1 1 1 1 1 1 1 1 1 1 2 1 1 2 2 2 2 2 2 2 2 1 2 1 1 1 0 1 0 2 1 2 1 2 2 1 2 2 2 2 0 2 1 2 1 0 0 0 1 1 1 1 1 0 0 1 1 0 1 1 1 1 0 1 
0 0 0 2 2 1 2 1 2 1 1 1 0 2 1 2 2 1 1 0 1 1 1 1 1 1 1 0 1 0 1 1 0 1 1 1 0 1 1 1 1 1 1 1 1 1 1 1 1 1 1 1 0 1 1 1 1 1 1 1 1 1 1 1 1 1 0 1 0 1 1 1 1 0 1 1 1 0 1 1 1 1 1 1 1 1 1 1 1 1 1 0 1 1 0 0 1 1 0 1 1 0 1 1 0 0 2 2 0 2 1 2 2 2 2 2 2 2 2 2 1 1 0 2 2 2 2 2 1 2 2 2 1 2 2 2 0 2 2 1 1 2 1 1 0 1 1 1 1 1 1 1 1 1 1 1 1 1 1 1 
1 2 1 1 2 2 2 1 1 0 2 0 1 0 1 0 1 1 1 0 1 1 1 0 1 1 1 0 1 0 1 1 1 1 1 1 1 1 1 1 1 0 0 1 1 1 0 1 1 1 1 1 0 1 1 1 0 1 1 0 1 1 1 1 1 1 1 1 1 1 1 1 1 1 1 1 1 1 1 0 1 0 1 1 0 1 1 0 0 1 1 1 1 0 1 1 1 0 0 1 1 0 0 1 1 0 1 2 2 0 2 1 2 2 2 1 1 2 1 1 0 1 2 2 2 2 0 2 2 2 0 2 2 2 1 2 0 1 1 1 0 1 1 0 1 1 1 1 1 1 1 1 0 1 0 1 1 0 1 1 
1 1 1 2 2 1 0 1 2 2 1 1 2 2 2 1 1 1 0 1 1 1 1 0 1 0 1 1 0 1 1 1 1 1 1 1 1 0 1 1 1 0 1 0 1 1 1 1 1 0 1 1 1 1 1 1 1 1 1 1 1 1 1 0 1 1 1 1 1 1 1 1 1 1 0 1 0 0 1 1 1 1 1 1 1 1 0 0 0 1 1 1 1 1 0 1 1 0 1 1 1 1 1 0 1 1 1 2 0 2 2 1 2 0 1 2 2 2 2 2 1 2 2 1 2 2 1 0 2 2 2 2 1 2 2 1 2 1 1 2 1 2 1 1 1 1 1 1 1 1 1 1 1 1 1 0 0 1 1 0 
1 1 1 1 1 2 2 2 2 2 0 1 2 2 1 1 0 2 1 0 1 1 1 1 1 1 1 0 1 0 1 1 1 1 1 1 1 0 0 1 1 1 1 0 1 1 1 1 1 1 1 1 1 1 1 1 1 1 1 1 0 0 1 1 1 1 0 1 1 0 1 1 1 0 1 1 0 1 0 1 1 1 1 1 1 1 1 1 1 1 1 1 1 1 1 1 0 1 1 1 1 0 1 1 1 1 1 2 2 2 2 2 2 2 0 0 0 0 2 1 1 0 0 2 0 1 0 0 2 0 2 0 2 2 2 2 1 2 0 2 1 2 1 1 1 1 1 0 0 1 1 1 1 0 1 0 1 0 1 1 
1 1 1 2 1 1 2 1 1 2 1 1 1 0 0 1 1 1 1 1 1 1 1 1 1 1 0 1 1 1 0 0 1 1 1 1 0 1 1 0 1 1 1 0 1 1 1 1 1 1 1 1 1 1 0 1 1 1 1 1 1 1 1 1 1 1 0 1 1 1 1 1 0 1 1 0 1 0 1 1 1 1 0 1 1 0 0 1 1 1 1 1 1 1 1 1 1 1 1 0 0 1 1 0 1 1 0 0 0 2 0 2 2 2 2 2 2 2 2 1 2 1 1 2 0 0 1 2 2 2 2 2 1 2 0 2 0 2 0 2 1 2 1 1 1 0 1 1 1 1 1 1 0 1 1 1 1 1 0 1 
1 2 1 1 0 1 0 1 1 2 2 1 2 1 2 0 2 2 1 1 1 0 0 1 1 1 0 1 1 0 1 0 1 1 1 1 0 1 1 1 0 1 1 1 1 1 1 1 1 1 1 1 1 1 0 1 0 0 1 0 1 1 1 1 1 0 1 1 1 1 1 1 0 1 1 1 0 0 1 1 1 1 1 1 1 1 1 1 1 1 1 0 0 1 1 1 1 1 1 1 1 1 1 1 1 1 2 1 0 2 1 2 2 2 0 0 0 2 2 0 0 2 0 0 2 2 0 2 2 2 1 2 2 1 2 2 0 2 0 2 0 1 1 0 1 1 1 0 0 0 0 1 1 1 0 1 1 1 1 1 
2 1 2 2 1 0 1 1 0 1 2 0 1 2 1 1 2 0 1 1 1 1 1 1 1 0 1 1 0 1 1 1 1 1 1 1 0 1 1 1 0 1 1 1 1 1 1 1 1 1 1 1 1 1 1 1 1 0 1 1 1 1 1 1 1 1 1 1 1 1 0 1 1 0 1 1 1 1 1 1 1 1 1 1 0 1 1 0 1 1 1 1 0 0 0 1 1 1 1 0 1 1 1 1 1 1 1 1 0 2 2 2 1 1 0 2 0 2 0 1 2 2 2 2 2 2 2 2 1 0 1 2 2 2 0 2 2 0 1 0 0 0 1 0 2 0 1 1 1 0 1 0 1 0 2 1 1 2 2 1 
2 1 1 1 1 1 0 0 1 1 0 1 2 2 1 2 1 1 1 1 1 0 1 1 1 1 1 1 0 1 1 0 0 1 1 1 1 1 0 1 1 0 1 0 1 1 0 1 1 1 1 1 1 1 1 0 1 1 1 1 1 1 1 1 0 1 0 1 1 1 1 1 1 1 0 1 1 1 1 0 1 1 1 1 1 0 1 1 0 1 1 1 1 0 1 1 1 1 1 1 1 1 1 1 1 1 1 1 1 2 1 2 2 2 2 2 2 0 1 2 1 0 2 2 0 0 0 0 2 0 1 0 0 1 1 0 0 1 2 2 0 0 0 2 1 2 2 1 2 2 0 2 1 0 1 2 1 1 2 1 
1 1 1 2 2 2 0 2 2 2 0 1 0 1 0 2 2 2 0 1 0 0 1 1 1 0 1 1 1 1 1 1 1 1 1 0 1 1 1 1 1 1 1 0 1 0 1 1 1 0 1 1 0 1 1 1 0 1 0 1 1 1 1 1 1 1 0 1 1 0 1 1 0 1 1 1 1 1 0 1 1 1 0 0 1 0 1 0 1 0 1 1 1 1 1 1 1 0 1 0 1 0 1 1 1 1 1 1 2 1 2 2 2 1 1 2 2 2 1 2 2 1 1 0 2 0 1 2 2 2 2 2 1 2 2 2 2 2 1 2 2 2 2 0 1 0 0 2 1 1 1 1 1 1 0 0 1 0 0 1 
a a a a a b a b a a b b a b a b a a a a a a a a a a a a a a a a a a a a a a a a a a a a a a a a a a a a a a a a a a a a a a a a a a a a a a a a a a a a a a a a a a a a a a a a a a a a a a a a a a a a a a a a a a b b a b a b b b a b a b b b b a b a b b a a a b a a b b b b a b b b b b a b b a a a b b b a b a b a b a a b 
1 1 1 2 1 1 1 0 1 1 2 0 1 2 0 2 0 2 0 1 0 0 1 1 1 1 1 1 0 1 1 1 1 1 1 1 1 0 0 1 0 1 1 1 1 1 1 1 1 0 1 1 1 1 1 0 1 1 1 1 1 1 1 1 1 1 1 1 0 1 1 1 1 0 1 1 1 1 0 1 1 1 1 1 0 1 0 0 0 1 1 1 0 1 0 1 0 0 1 1 1 0 1 1 1 1 0 2 1 2 0 2 2 2 0 2 2 1 2 0 2 1 2 2 1 2 0 2 1 1 0 2 2 0 1 0 0 2 0 2 2 2 2 1 2 1 2 1 2 2 2 0 1 2 1 2 1 1 2 2 
1 0 1 2 2 2 1 1 2 0 2 0 0 2 1 0 2 0 1 1 1 1 0 1 1 0 1 1 1 1 0 1 1 1 0 1 1 1 1 1 1 1 1 1 0 0 1 1 1 1 1 0 1 1 1 1 1 1 1 1 1 1 1 1 0 1 1 1 1 0 1 0 1 1 0 1 1 1 1 1 0 1 1 1 1 1 1 1 1 1 1 1 1 1 1 0 1 1 1 1 1 1 1 1 1 1 2 2 2 1 1 2 0 2 2 2 2 2 2 1 1 2 2 2 2 1 2 0 2 2 2 1 2 2 2 2 2 2 1 1 2 2 1 1 1 2 2 0 2 2 2 1 0 0 1 1 2 1 1 1 
1 1 1 0 2 2 1 1 2 1 2 1 1 1 2 1 1 1 0 1 1 1 1 1 1 1 1 0 1 0 1 1 1 0 1 1 1 0 1 1 0 1 1 1 0 0 1 1 0 1 1 1 1 1 0 1 1 0 1 1 1 1 1 1 0 1 0 1 0 1 1 1 1 0 0 1 1 1 0 1 1 1 1 1 1 1 1 1 1 1 0 1 1 1 0 1 0 0 1 1 1 0 1 0 1 1 2 2 1 0 1 1 1 1 1 2 2 2 2 2 2 2 2 1 2 1 2 2 0 2 2 2 2 0 2 2 0 2 0 2 0 0 0 1 1 2 2 1 2 1 0 2 1 1 1 2 2 1 1 2 
0 2 2 1 0 2 0 0 2 1 2 2 2 2 1 1 2 0 1 1 1 1 1 1 1 0 1 1 1 1 1 0 0 1 1 0 1 1 1 1 0 1 1 1 1 1 1 1 1 1 1 1 1 1 1 0 1 1 1 1 1 0 1 1 0 0 1 1 1 0 1 0 1 1 1 0 1 0 1 1 1 1 1 1 1 1 1 1 1 0 1 1 1 0 1 0 1 1 1 1 0 1 1 1 1 1 2 2 1 2 1 1 2 2 2 0 1 0 0 0 0 0 1 2 1 2 2 2 1 1 1 2 2 0 2 2 2 1 2 2 2 2 1 1 1 1 1 2 1 2 1 2 1 0 2 2 2 0 1 1 
1 2 2 2 2 1 2 2 1 0 2 2 1 0 0 0 0 2 1 0 1 0 1 1 1 1 1 0 1 0 0 1 1 1 1 1 1 0 1 1 1 1 1 1 1 1 1 1 1 1 1 1 1 0 1 1 1 0 1 0 1 0 1 1 1 0 1 1 1 0 1 0 0 1 0 1 0 1 0 1 1 1 1 1 1 1 0 0 1 1 1 1 1 1 0 1 1 1 0 1 1 1 1 1 0 1 2 2 2 2 0 1 2 2 2 1 2 0 2 2 0 2 0 2 0 2 0 0 2 2 2 2 2 2 0 2 2 1 1 2 2 2 2 1 1 1 2 1 2 2 0 2 0 2 0 1 2 2 1 2 
0 2 0 2 1 0 2 2 2 2 0 0 1 2 1 2 2 0 1 1 1 1 1 1 1 1 1 1 1 0 1 0 1 1 1 0 1 0 1 1 1 1 0 1 0 1 1 0 1 0 0 1 0 1 1 1 1 1 1 0 0 1 0 1 1 1 1 1 1 1 0 1 1 1 1 1 1 1 1 1 1 1 1 1 0 0 1 1 1 1 1 1 0 0 1 0 0 1 0 1 1 1 1 1 0 1 2 2 2 2 1 0 0 2 2 2 0 2 0 2 2 2 2 2 0 2 2 0 0 2 2 0 0 1 0 0 2 2 2 2 2 1 2 0 1 0 2 1 1 0 1 1 2 1 2 2 1 2 1 2 
2 1 1 2 2 1 2 1 2 0 2 2 2 1 1 1 1 1 1 1 0 1 1 1 0 1 1 1 1 1 1 1 1 1 1 1 0 1 1 1 0 0 1 1 1 0 1 1 1 1 1 1 1 1 1 1 1 1 1 1 1 0 1 1 1 1 1 1 0 1 1 1 1 1 1 1 1 1 1 0 1 1 1 1 1 1 1 1 0 1 1 1 1 0 1 1 1 1 1 1 1 1 1 0 1 1 1 0 2 1 1 0 2 0 0 2 1 0 0 1 0 0 2 0 1 0 2 1 2 1 2 0 0 0 2 2 0 1 0 0 1 0 2 1 1 0 1 1 0 1 0 1 0 1 2 2 1 1 2 2 
1 0 1 1 1 1 0 1 0 1 1 0 1 0 0 1 1 0 1 1 1 1 1 1 1 1 0 1 1 0 1 1 0 1 1 1 1 1 1 1 0 1 1 1 1 1 1 1 1 1 0 1 1 1 1 1 1 0 1 1 1 1 1 1 1 1 1 1 1 0 1 0 0 0 1 1 1 1 1 1 1 1 1 1 1 1 1 0 1 1 1 0 1 1 0 1 1 1 1 1 1 1 1 1 1 1 2 0 0 0 2 2 2 2 1 2 2 1 1 2 1 2 2 2 0 2 0 2 1 1 0 2 2 2 2 2 2 1 2 1 2 1 2 2 2 0 2 1 1 1 2 2 1 0 0 1 1 2 2 1 
a a a a a a a a a a a a a a a a a a a a a a a a a a a a a a a a a a a a a a a a a a a a a a a a a a a a a a a a a a a a a a a a a a a a a a a a a a a a a a a a a a a a a a a a a a a a a a a a a a a a a a a a a a b b a b b b b b b a a a b a b b b b b b a b b b a b a b a b b a b a a b a b b a a b a b b a b a a a b a a a 
1 1 1 1 1 1 1 1 1 1 0 1 1 1 1 1 1 1 1 1 0 1 1 1 1 0 1 1 1 1 1 1 1 1 1 1 0 1 1 1 1 1 1 0 1 1 1 1 1 1 1 1 1 1 1 1 1 1 1 1 1 0 1 1 0 0 0 1 1 1 1 1 1 0 1 1 1 1 1 0 0 1 0 1 1 1 1 0 1 0 1 1 1 1 1 0 1 1 1 0 1 1 1 0 1 1 2 2 1 1 1 2 2 0 2 0 2 2 2 1 1 2 2 1 2 2 0 2 2 0 2 1 2 1 1 0 2 2 0 2 2 2 2 2 2 1 1 1 1 1 1 0 1 2 0 1 1 2 2 0 
1 1 1 0 1 1 1 0 1 1 0 1 1 0 1 1 0 1 1 0 1 1 0 0 1 1 1 1 1 0 1 0 1 1 1 1 1 1 1 1 1 1 0 1 1 1 0 1 1 1 1 1 1 0 1 0 0 1 1 1 1 0 1 0 1 1 1 0 0 0 1 0 1 1 0 1 1 1 1 1 1 0 0 1 1 1 1 1 1 1 1 0 1 1 1 1 1 1 0 1 1 0 0 1 1 1 2 1 2 2 1 2 2 2 1 1 2 2 1 1 2 2 2 1 0 2 0 2 2 2 2 0 2 0 2 0 0 2 0 1 2 2 1 0 2 1 0 1 1 2 1 1 2 1 2 2 2 2 1 0 
1 1 1 1 1 0 0 1 1 1 1 1 0 1 0 1 1 1 1 1 0 0 1 1 1 1 0 1 0 1 1 0 1 1 1 1 1 0 0 1 0 0 1 1 1 1 1 1 1 1 1 0 1 1 1 1 1 1 0 1 1 1 1 1 1 1 1 1 0 1 1 0 1 1 1 1 1 0 1 1 1 1 0 0 1 1 1 1 1 1 1 1 1 1 1 0 0 1 1 1 1 1 1 0 1 0 1 1 0 1 0 1 1 0 2 0 2 0 2 2 0 1 2 1 2 2 0 2 2 2 1 2 1 1 2 2 0 0 2 2 2 0 2 1 1 0 2 2 0 1 2 2 2 0 1 2 1 0 1 0 
1 1 1 1 1 1 1 1 1 1 0 1 1 1 1 2 2 1 1 2 1 2 1 2 2 1 1 0 2 1 2 2 1 1 0 1 0 2 0 2 2 1 1 1 0 1 1 1 1 1 0 1 0 1 0 0 1 1 1 0 1 0 1 1 1 1 1 1 1 1 1 1 1 1 0 1 1 1 0 0 1 1 1 1 1 1 0 1 1 1 1 0 1 1 1 1 1 1 1 0 0 1 1 0 1 1 2 2 1 2 2 1 2 2 2 2 2 0 2 2 1 2 0 1 2 1 2 2 1 2 2 0 0 2 0 0 2 2 1 2 2 0 2 2 2 1 2 2 1 0 0 0 1 0 2 1 2 0 0 2 
1 1 1 1 1 1 1 1 1 1 1 1 2 0 0 1 1 2 1 1 2 1 2 0 0 0 1 1 0 2 0 1 2 2 2 1 1 1 1 0 1 2 1 1 1 1 1 1 1 1 0 0 0 0 1 1 1 0 0 0 0 1 0 1 1 0 1 1 1 1 1 1 0 1 1 1 1 1 1 0 1 0 0 1 1 1 1 1 1 1 1 1 1 1 1 0 1 1 1 1 1 1 1 1 0 1 2 0 1 2 0 2 2 2 0 2 2 2 2 2 0 1 1 2 0 0 2 2 2 0 2 2 1 2 2 2 1 1 2 1 2 2 1 1 1 1 1 1 0 2 1 0 2 2 2 0 2 2 2 0 
1 1 1 1 0 1 1 0 1 1 1 2 2 0 2 1 2 1 2 0 2 1 0 1 1 2 1 1 2 0 1 1 1 1 2 1 0 1 1 1 2 1 1 0 1 1 1 1 0 1 1 1 1 1 1 1 1 1 1 1 1 1 1 0 1 1 1 1 0 1 0 0 1 1 1 1 1 1 1 1 1 1 0 1 0 1 1 1 1 1 0 1 1 0 0 1 1 1 1 1 1 1 0 1 0 1 0 1 2 1 0 1 2 0 1 1 2 1 2 0 2 2 0 2 0 2 2 1 1 1 1 2 0 2 2 2 2 1 2 2 2 2 1 2 0 2 1 0 0 2 0 2 1 2 2 1 0 2 2 1 
1 1 1 1 1 1 1 1 1 1 0 2 1 2 0 1 0 1 0 2 0 2 0 2 0 0 1 1 0 2 1 1 0 2 2 0 0 2 0 0 0 2 1 1 1 1 1 1 1 1 1 0 1 1 1 1 1 1 1 1 1 0 1 1 1 0 1 0 1 1 0 0 1 1 0 0 0 1 1 1 1 1 1 0 1 1 0 0 1 1 1 1 1 1 1 1 1 0 0 1 1 1 1 1 1 0 1 1 1 1 0 1 1 1 0 0 0 1 1 0 2 2 1 1 2 1 0 1 1 2 1 1 0 2 2 0 1 2 2 2 2 2 1 2 2 1 2 0 2 1 0 2 2 2 2 1 2 2 2 2 
1 1 1 1 1 1 1 1 0 1 1 2 1 1 1 1 1 0 2 2 2 2 1 1 2 1 0 1 2 0 0 1 2 1 1 0 1 0 2 1 1 0 1 1 1 0 1 0 0 1 1 1 1 1 1 1 1 1 0 0 1 1 1 1 1 1 1 1 1 1 1 1 0 1 1 1 0 0 1 1 1 1 1 0 1 1 1 1 1 1 1 1 1 1 0 1 1 1 1 0 1 1 1 1 1 1 0 1 0 1 0 1 1 1 1 1 1 1 0 1 0 1 0 1 1 1 1 1 1 1 1 1 1 0 0 1 1 0 1 2 2 2 1 1 0 2 1 2 2 1 2 1 2 2 2 1 1 2 0 1 
1 1 1 0 0 1 1 1 1 1 1 2 1 1 0 0 0 1 0 2 1 1 2 1 2 1 1 1 0 1 0 0 0 1 1 1 2 2 1 2 2 1 1 1 1 0 0 0 0 0 1 1 1 1 1 0 1 1 1 1 1 0 1 1 1 1 1 1 1 1 1 1 0 1 1 1 0 1 1 0 1 1 1 1 1 1 1 1 0 1 0 0 0 1 1 1 1 1 1 1 1 1 1 1 1 1 1 0 1 1 1 1 1 1 0 0 1 1 1 0 1 1 0 1 1 1 1 1 1 1 0 0 0 1 0 1 0 1 1 2 1 2 0 2 1 1 1 0 1 2 2 1 0 1 0 1 0 2 2 2 
0 1 1 1 1 1 1 1 0 1 1 2 0 0 1 0 1 1 2 2 2 1 0 0 2 2 1 0 0 1 2 0 1 2 0 2 2 2 2 0 2 2 1 1 1 1 0 1 1 1 1 1 1 1 1 1 1 1 1 1 1 1 1 1 1 1 1 1 1 1 1 0 1 1 1 1 0 1 1 1 1 1 0 1 1 0 1 1 0 1 1 0 1 0 1 1 0 1 1 0 1 1 1 1 0 1 1 1 1 0 1 1 1 0 1 1 1 1 1 1 1 0 1 1 1 0 1 1 1 1 0 1 1 1 1 0 1 1 1 1 1 2 1 0 2 0 2 1 1 1 2 1 2 1 0 1 2 0 0 0 
1 0 0 1 1 1 1 1 1 1 1 2 2 1 2 1 2 1 0 1 0 2 1 1 2 2 2 2 1 1 1 2 2 0 1 2 1 2 1 1 1 1 1 0 1 1 1 0 1 1 1 1 1 1 1 0 1 1 1 1 1 1 1 1 0 1 1 1 1 0 0 0 0 1 1 1 0 1 1 1 1 1 0 1 1 1 0 1 0 1 1 1 0 1 1 1 1 1 0 1 1 1 1 1 1 0 1 1 1 1 1 1 1 1 1 1 1 1 1 1 1 1 0 1 1 1 1 1 1 1 1 0 1 1 1 1 1 1 1 2 2 2 1 2 2 1 1 2 2 2 1 0 0 2 2 2 2 2 2 2 
0 1 1 1 1 1 1 1 1 1 0 1 1 0 2 1 2 0 2 1 2 1 0 2 2 2 2 1 2 1 1 0 0 1 0 0 1 1 1 0 2 1 1 1 1 1 1 1 1 1 1 1 1 1 1 0 1 1 1 1 1 1 1 1 1 1 1 1 1 1 1 1 1 1 1 1 1 0 1 1 1 1 0 1 1 0 1 1 1 1 1 1 1 0 1 1 1 0 1 1 1 1 0 1 1 1 0 0 1 0 0 0 1 1 1 1 0 1 1 0 1 1 1 1 1 1 1 1 0 1 1 1 1 1 0 1 1 1 1 2 2 0 2 2 1 1 2 1 2 2 1 2 2 1 2 1 1 1 2 0 
1 1 1 0 1 1 1 1 0 0 0 0 0 1 1 1 0 1 1 1 1 1 2 1 1 2 0 0 1 2 1 1 1 1 2 1 2 2 1 1 0 2 0 1 1 1 1 1 0 1 0 1 1 1 0 1 0 1 1 0 1 1 1 1 1 0 0 1 0 1 1 1 0 0 1 1 1 1 1 1 0 1 0 0 1 1 1 1 0 0 1 1 1 1 1 0 1 1 1 1 1 1 0 1 1 0 1 1 1 1 1 1 1 1 1 1 1 1 1 1 1 0 0 1 1 1 0 1 1 1 1 1 1 1 1 1 1 1 1 1 2 2 2 1 0 1 2 1 1 2 0 2 1 2 2 1 2 2 1 1 
1 1 0 1 1 1 0 1 1 1 1 2 1 0 2 1 0 0 1 2 2 2 1 0 0 0 2 1 0 2 1 1 2 2 1 1 1 1 2 0 1 2 1 1 1 1 1 1 1 1 1 1 1 0 1 1 1 1 1 1 1 1 0 1 1 1 1 1 1 1 1 0 1 1 0 1 1 0 1 1 1 0 1 1 1 0 1 0 1 1 1 0 1 1 1 1 0 0 0 1 0 0 0 1 1 1 1 1 1 1 0 1 1 1 1 1 1 1 0 1 1 1 1 1 0 0 1 1 1 0 1 0 0 1 0 0 1 0 1 1 1 0 1 1 2 2 0 1 1 1 2 1 2 1 2 0 2 1 0 1 
1 1 1 1 1 1 1 1 1 1 1 1 1 2 2 2 0 1 1 2 1 2 0 1 0 2 1 2 2 2 0 2 0 2 1 2 1 0 1 2 0 1 1 1 1 1 1 0 1 0 0 1 1 1 1 1 1 0 1 1 1 1 1 1 1 1 1 1 1 1 1 1 1 1 1 1 1 1 1 1 1 1 1 1 0 1 1 1 1 1 0 1 1 0 0 1 1 1 1 1 1 1 1 1 0 1 1 0 1 1 0 0 1 1 1 1 1 1 1 1 0 1 0 1 1 0 1 0 0 0 1 1 1 1 1 1 1 1 0 1 1 0 2 1 1 2 0 2 1 0 1 2 1 2 0 2 0 2 1 0 
1 1 1 1 0 1 0 1 0 0 0 2 0 1 0 1 2 2 2 1 2 2 1 0 0 2 1 1 2 2 2 0 2 2 1 1 0 1 2 1 0 2 0 1 1 1 1 1 0 1 1 1 1 1 0 1 1 0 1 1 1 1 1 0 1 0 1 1 0 1 1 1 1 1 1 1 1 1 1 1 0 1 1 1 1 0 1 1 1 1 0 1 0 1 0 1 1 1 1 1 1 1 1 1 1 1 0 0 1 0 0 1 1 1 1 1 1 0 1 1 1 1 1 1 0 1 1 1 1 0 0 1 1 1 1 1 0 1 0 2 2 2 1 1 1 2 2 1 2 1 2 2 1 2 2 1 0 2 0 2 
1 1 1 1 1 1 1 0 0 1 1 1 1 2 1 1 1 2 1 0 1 0 2 2 0 1 2 2 1 2 0 1 0 2 1 2 1 2 0 2 0 2 1 1 1 1 1 1 0 1 1 1 1 1 1 1 1 1 1 1 1 1 1 1 0 1 1 1 1 1 0 1 1 1 1 1 1 1 1 0 0 1 1 1 1 0 1 0 1 1 1 1 1 1 1 0 1 1 1 1 0 1 1 1 1 1 1 1 1 1 1 0 1 0 1 1 1 0 0 1 1 1 1 1 1 1 1 1 0 1 0 1 1 1 1 1 1 1 1 0 1 1 2 1 0 2 2 1 1 2 0 0 1 0 1 0 1 2 2 1 
1 1 1 1 1 1 1 0 1 1 1 0 0 1 0 0 2 2 2 1 1 1 1 1 2 2 1 0 0 1 2 2 2 0 2 1 1 2 2 2 2 1 1 1 1 1 1 1 1 1 1 1 1 1 1 1 1 1 1 1 1 1 1 1 0 1 0 1 1 1 1 1 0 0 1 1 1 1 0 1 1 0 1 0 1 1 1 0 1 1 1 1 1 0 0 1 0 1 1 0 1 1 1 0 1 1 1 0 0 1 1 1 1 1 1 1 1 0 0 1 1 0 1 0 1 1 0 1 1 1 1 1 1 1 1 1 0 1 1 2 0 1 2 2 2 0 1 0 0 2 1 2 1 2 1 1 1 1 2 0 
1 1 0 0 1 1 1 1 1 1 1 1 1 1 2 1 2 1 0 2 2 2 0 2 1 1 0 1 1 1 2 1 1 2 2 1 2 2 2 1 1 1 1 1 1 1 1 0 1 1 1 1 0 1 1 1 1 1 1 1 0 1 1 1 1 1 1 1 1 1 1 1 1 1 1 1 1 1 0 1 1 1 1 0 1 1 0 1 1 1 0 1 1 0 1 1 1 1 1 1 1 1 1 1 1 1 0 1 1 1 0 1 1 1 1 1 1 1 1 1 1 1 1 1 0 1 0 1 0 1 1 1 1 0 1 0 1 0 1 1 1 1 0 1 1 1 1 1 1 1 1 1 1 1 0 1 1 1 1 1 
1 1 1 1 1 0 0 1 1 1 1 1 0 1 2 0 2 1 1 2 0 2 1 2 2 0 1 1 1 0 2 2 1 1 0 1 1 2 1 0 2 2 0 0 0 1 0 1 1 1 0 0 1 1 1 0 1 1 0 0 0 0 1 1 1 1 1 1 1 1 1 0 1 1 1 1 0 0 1 0 1 1 1 1 1 1 0 1 1 1 1 1 1 1 1 1 1 0 1 0 1 1 1 1 1 1 1 1 1 1 0 1 1 1 1 1 1 1 1 1 1 1 0 1 1 1 1 1 0 1 1 1 1 0 0 1 1 1 1 1 0 1 1 0 0 1 0 1 1 1 0 0 0 1 0 1 1 1 1 1 
1 0 1 1 1 1 1 1 1 0 1 0 2 1 1 0 2 2 2 1 1 1 2 1 1 1 0 2 1 2 0 2 2 1 0 1 1 1 2 0 2 0 1 1 1 1 1 1 1 1 1 0 1 1 1 1 1 1 1 1 1 1 0 1 1 0 0 0 0 1 1 1 1 1 1 1 1 1 1 1 1 1 0 0 1 1 1 1 1 1 0 0 1 1 1 1 0 1 1 1 1 1 1 1 1 1 1 1 1 1 0 1 1 1 1 1 1 1 1 0 0 1 1 0 1 1 1 0 1 1 1 1 1 1 1 1 1 1 1 1 1 1 1 1 1 1 1 1 1 1 1 0 1 1 1 1 0 0 0 1 
1 1 0 1 1 0 0 1 0 1 1 1 0 1 0 2 2 2 1 2 2 2 0 2 0 2 1 0 1 0 2 1 1 1 0 2 1 2 2 2 1 0 1 1 1 1 1 1 1 1 1 1 1 1 1 1 0 1 1 1 0 1 1 1 0 1 1 1 1 1 1 1 1 1 1 1 1 0 1 1 1 1 1 1 1 1 1 1 1 1 1 0 1 1 1 1 1 1 0 1 1 1 0 1 1 1 0 1 1 0 1 1 1 1 1 1 1 1 0 0 0 1 1 1 1 1 1 1 1 1 0 1 1 1 0 1 1 1 1 1 0 0 1 1 1 1 1 1 1 1 1 1 0 0 1 1 1 1 1 0 
1 1 1 0 1 1 0 1 1 1 1 2 1 2 1 2 1 2 0 1 1 2 0 0 0 1 2 1 1 1 1 2 2 1 2 2 1 2 1 1 1 2 1 1 1 0 1 1 0 1 1 1 1 1 0 0 0 1 1 1 1 0 1 1 0 1 1 1 1 1 1 1 1 1 1 1 1 1 1 1 1 0 0 1 1 1 1 1 1 0 1 1 1 1 1 1 1 1 0 1 1 1 0 0 1 1 1 1 1 1 0 1 1 1 1 0 0 1 1 1 1 1 1 1 0 1 1 1 1 1 1 1 1 1 1 1 1 1 1 1 1 0 0 1 1 0 1 1 1 1 1 1 1 1 1 1 1 1 1 1 
1 1 1 1 0 0 1 0 1 1 1 2 2 0 1 1 0 1 0 0 1 2 2 1 0 2 2 2 2 1 1 1 2 2 2 0 0 0 2 2 1 2 1 1 1 1 1 1 0 1 1 1 1 1 1 1 1 1 0 1 1 1 1 1 1 1 1 1 1 1 1 1 0 1 1 1 1 0 0 1 1 1 1 1 1 1 1 0 0 0 1 1 1 1 0 1 1 1 1 1 1 1 1 1 1 1 1 1 0 1 1 1 0 1 1 1 1 1 1 1 1 1 1 1 1 1 1 1 1 1 1 1 1 1 1 1 1 1 1 1 1 1 0 1 1 1 1 1 1 1 1 1 1 1 1 0 1 0 1 1 
1 1 1 1 1 1 1 1 1 0 1 1 2 0 2 1 1 1 2 2 0 1 1 2 1 1 1 1 1 2 1 1 2 1 0 2 2 2 1 0 1 2 1 1 1 1 1 1 0 0 1 1 1 1 1 1 1 1 0 0 1 1 1 1 1 1 1 1 1 1 1 1 1 1 1 1 1 1 0 1 1 1 0 1 1 1 1 0 0 1 0 1 1 0 1 1 1 0 0 1 1 0 1 0 0 1 1 0 1 1 1 1 1 1 1 1 1 1 1 1 1 1 1 1 1 1 0 1 1 1 1 1 1 1 0 1 1 0 1 1 1 1 1 1 1 1 1 1 0 1 1 1 1 1 1 1 1 1 1 1 
1 0 1 1 1 0 0 1 1 1 1 2 2 0 2 1 1 1 1 2 2 2 1 1 1 2 2 1 2 2 2 2 2 2 2 1 1 0 0 0 0 1 1 0 1 0 0 1 0 1 1 1 1 1 0 1 1 1 1 1 1 1 1 0 1 0 0 1 1 1 1 1 1 0 1 1 1 1 1 1 1 0 1 1 1 1 1 1 1 1 1 0 0 1 1 1 0 1 1 1 1 1 1 0 0 1 1 1 1 1 1 0 1 1 0 1 1 1 1 1 1 1 1 1 1 1 1 0 0 1 1 1 1 0 1 0 1 1 1 1 1 0 0 1 1 1 1 1 1 1 1 0 0 1 1 1 1 1 1 1 
1 1 1 1 0 0 0 1 1 1 1 1 1 0 2 2 0 1 0 2 2 1 1 0 2 2 1 1 1 2 2 0 2 1 0 0 1 1 0 2 2 0 1 1 1 1 1 1 0 1 1 1 0 1 1 0 1 1 1 1 1 1 1 1 1 1 1 1 1 1 1 0 0 0 1 1 1 1 1 1 1 1 1 1 1 1 1 1 1 1 1 1 1 1 1 1 1 1 0 1 0 1 1 1 1 1 1 1 1 1 1 1 1 1 0 0 1 1 1 0 1 1 1 1 1 1 1 1 1 1 1 1 1 0 1 1 1 1 1 1 1 0 0 1 1 1 1 1 1 0 1 1 1 1 0 1 1 0 1 1 
1 1 1 0 1 0 1 0 1 1 1 1 2 1 2 1 2 1 0 1 1 1 2 1 0 0 2 2 0 2 2 1 1 1 0 0 2 1 2 2 1 2 1 1 1 1 0 1 1 1 1 1 0 1 1 0 1 1 0 1 1 1 1 1 1 1 1 1 1 1 1 1 1 1 1 1 1 1 1 1 1 1 1 1 1 1 1 1 0 1 1 1 1 1 1 1 1 0 1 0 1 1 1 1 1 1 0 0 1 0 1 1 0 0 1 1 1 0 1 1 1 1 1 0 1 1 1 1 0 1 1 1 1 0 0 0 1 1 1 1 1 1 1 0 1 1 0 1 1 1 1 1 1 1 1 1 0 1 1 1 
1 1 1 1 1 0 1 1 0 1 0 1 1 0 2 1 0 1 2 2 1 2 2 2 2 1 0 0 2 2 1 1 2 1 1 2 0 1 0 2 1 0 1 1 1 1 1 1 1 1 1 1 1 1 1 1 0 1 1 1 0 1 1 1 1 0 1 1 1 0 1 1 1 1 1 1 1 1 0 1 1 0 0 0 1 1 1 1 1 1 0 1 1 1 1 1 0 0 1 0 1 0 0 1 1 0 1 1 0 1 1 1 0 1 1 0 0 1 0 1 0 1 1 1 1 1 1 1 0 0 0 1 1 0 1 1 0 1 1 0 1 1 1 1 1 1 1 0 0 0 1 1 1 1 0 0 1 1 1 1 
1 1 1 1 1 1 0 1 0 1 1 1 2 2 2 0 1 2 2 0 0 2 1 2 2 1 2 0 0 1 2 2 1 0 1 0 2 2 1 1 1 2 1 1 0 0 1 0 1 1 0 1 1 1 1 1 0 1 1 1 1 1 1 0 1 1 1 1 1 0 1 1 1 1 1 1 0 1 0 0 1 1 1 1 0 1 1 1 1 1 1 0 1 1 1 1 1 1 1 2 2 1 2 2 2 2 1 1 1 0 1 1 2 1 0 2 1 1 1 1 2 1 2 2 2 2 1 1 2 1 1 0 0 1 1 1 0 1 1 1 1 1 1 1 1 1 1 1 0 0 1 1 1 1 0 1 1 1 0 1 
0 1 0 1 1 1 1 1 1 1 0 1 1 1 1 2 1 2 1 1 1 0 1 1 2 2 1 1 1 0 2 1 2 1 2 2 1 1 1 1 1 2 1 1 1 0 0 1 1 1 1 1 1 0 1 1 1 1 1 1 1 1 1 1 1 0 1 1 1 1 1 1 1 1 1 1 1 1 1 1 1 1 1 0 0 1 1 1 1 1 1 1 0 1 1 1 1 1 1 2 2 2 2 1 2 0 0 1 0 2 1 2 0 1 2 0 0 1 1 2 1 0 1 0 2 2 2 2 1 1 0 1 0 1 0 1 1 1 1 1 1 1 1 1 1 1 1 0 0 1 1 0 1 1 1 1 1 0 1 1 
1 1 1 1 1 1 0 1 1 1 1 2 2 0 0 2 1 1 2 1 1 2 2 1 1 1 2 0 1 2 2 2 2 1 1 0 2 2 2 2 0 0 1 1 0 1 1 1 0 0 1 1 1 1 1 0 1 1 1 1 1 1 0 1 1 0 1 1 1 1 1 1 1 0 1 1 1 1 0 1 1 1 1 1 1 1 1 0 0 0 1 1 1 0 0 1 1 1 1 2 2 1 2 1 1 2 1 2 0 0 2 1 2 1 1 2 0 2 1 1 0 2 0 0 1 0 1 0 0 0 0 0 1 1 1 1 1 1 1 1 0 1 1 0 1 1 1 1 1 1 1 1 0 1 1 0 1 1 1 1 
1 1 1 1 1 1 1 0 1 1 1 0 0 2 1 0 1 0 1 2 1 2 0 2 2 0 1 2 0 2 1 2 1 0 2 1 2 2 2 1 1 2 0 0 1 1 1 0 0 0 1 1 1 1 1 0 1 0 0 1 1 1 0 0 1 0 1 1 0 1 1 1 1 1 0 1 0 1 1 1 0 1 1 1 1 1 1 0 1 1 1 1 1 0 1 0 0 1 1 2 0 2 0 0 2 0 2 1 2 1 0 2 1 1 1 1 2 2 2 0 1 1 1 0 2 1 0 1 2 1 1 0 1 1 0 1 1 0 1 1 1 1 1 1 1 1 1 1 1 0 1 1 0 0 1 1 1 1 1 1 
0 0 1 1 0 1 1 1 1 1 1 1 2 1 1 0 1 2 1 1 1 1 2 2 2 1 0 1 1 2 1 2 2 1 2 1 1 1 1 2 1 1 1 1 1 1 1 1 1 1 1 1 1 1 1 1 0 1 1 1 1 1 0 1 1 1 1 1 0 1 1 1 1 1 1 0 0 1 1 0 1 1 1 1 1 1 1 1 1 1 1 1 1 0 1 1 1 1 1 0 1 1 0 2 1 1 1 1 2 2 1 2 2 1 2 1 1 1 1 2 0 0 1 1 0 1 2 1 0 1 1 1 0 0 1 1 1 1 1 1 1 1 1 1 1 1 1 1 1 0 1 1 1 1 1 1 1 1 1 1 
1 1 1 1 1 1 1 1 1 1 0 1 1 1 1 1 1 1 1 0 1 0 1 1 0 1 1 1 1 1 1 0 1 1 1 1 1 1 1 1 1 1 1 1 1 1 1 1 0 1 1 1 1 1 1 1 0 1 1 1 1 1 1 1 1 1 1 0 1 1 1 1 1 0 1 1 0 1 1 0 1 0 0 1 1 0 1 1 1 1 1 1 1 1 1 1 1 1 1 2 0 2 2 1 1 2 2 2 2 1 1 2 1 2 0 1 1 2 1 2 2 0 2 2 1 2 0 1 0 0 1 1 0 1 1 1 1 1 1 1 0 1 1 1 1 1 1 1 1 0 1 1 1 1 1 1 1 1 0 1 
1 1 1 1 1 1 0 1 0 1 1 1 1 1 1 1 0 1 1 1 1 1 1 0 0 0 1 0 0 0 0 1 1 1 1 1 1 1 1 1 1 1 1 1 0 0 1 1 1 1 1 1 1 1 1 0 1 1 1 1 0 1 1 1 1 0 0 1 1 0 1 1 1 1 1 0 1 1 1 1 1 1 1 1 1 1 1 1 1 1 1 0 1 1 1 1 1 1 1 1 0 1 1 2 1 1 0 1 1 2 2 0 1 2 1 1 0 1 2 2 1 2 2 2 1 2 2 2 1 1 1 1 0 1 1 1 1 1 1 1 1 1 1 1 0 1 1 1 1 0 1 1 1 1 1 1 1 0 1 0 
1 1 1 1 1 1 1 1 0 1 1 1 1 1 1 0 1 1 0 0 1 1 1 1 0 1 1 1 1 0 1 1 1 1 1 1 1 1 0 0 1 1 0 1 1 1 1 1 1 1 1 0 1 1 1 1 1 0 1 1 1 1 1 1 0 1 1 1 1 1 1 1 1 1 0 1 0 1 1 1 1 0 1 0 0 0 1 0 1 1 0 1 1 1 1 1 1 1 1 1 1 1 1 0 1 1 0 1 2 2 1 2 2 0 0 2 1 1 2 1 0 2 1 2 1 2 2 1 2 0 1 1 1 1 1 1 0 0 1 1 0 1 1 1 1 1 1 1 0 1 1 1 1 1 1 0 1 1 1 0 
0 0 1 1 1 1 0 1 1 1 1 0 1 1 0 1 1 1 1 1 1 1 1 1 1 1 0 1 0 1 0 0 1 1 1 1 1 1 1 1 0 1 0 0 1 1 1 1 1 1 1 0 1 1 1 1 1 1 1 1 1 1 1 0 1 1 1 1 1 1 0 0 1 1 1 1 1 0 1 1 1 1 1 1 1 1 0 1 1 1 1 0 1 1 1 1 1 0 1 1 2 0 0 1 1 1 1 0 2 2 0 2 2 1 2 2 2 2 1 1 0 2 2 1 2 1 1 1 1 0 0 1 0 1 0 1 0 1 1 1 1 0 1 0 1 1 0 1 1 1 1 1 1 1 1 1 1 0 1 1 
1 1 1 1 1 1 1 1 1 0 1 1 1 1 1 1 1 0 0 1 1 1 1 1 1 1 1 1 1 1 1 1 1 1 0 0 1 1 1 1 1 0 0 1 1 1 0 0 1 1 1 1 1 0 1 1 1 1 1 0 1 1 1 1 1 1 0 0 1 1 1 1 1 1 1 1 0 1 1 0 1 0 1 1 1 1 0 1 1 1 1 1 1 1 1 1 0 0 2 2 1 1 2 0 2 0 0 1 2 1 1 2 1 1 1 1 2 2 1 2 2 2 2 2 2 0 2 2 2 1 1 1 1 1 0 1 1 1 1 1 1 0 1 1 0 0 1 1 1 1 1 1 1 0 1 1 0 1 1 1 
0 0 1 1 0 0 1 0 1 1 1 1 1 1 1 1 1 1 0 1 1 1 0 1 1 0 1 1 1 0 1 1 1 0 1 1 1 1 1 1 1 0 1 1 1 1 0 0 0 1 0 1 1 1 1 1 1 1 1 1 0 0 0 1 0 1 0 1 1 0 1 0 1 1 1 1 1 1 1 1 1 1 1 1 1 1 1 0 1 1 0 0 1 0 1 1 1 1 2 0 2 2 2 2 1 1 2 2 2 1 1 2 0 2 0 1 1 1 1 1 2 1 1 1 0 0 0 0 1 1 1 1 1 1 0 0 1 0 1 0 1 1 1 1 1 0 1 1 1 1 1 1 0 1 1 0 1 1 0 1 
1 1 1 0 0 1 1 1 1 1 0 1 0 1 1 0 0 1 1 1 1 1 1 1 1 1 1 1 1 1 1 1 0 0 1 1 1 1 1 1 1 1 1 1 1 1 1 1 1 1 1 1 0 1 0 1 1 1 0 1 1 1 1 0 1 0 1 1 1 1 1 1 1 1 1 1 1 0 0 0 1 1 0 1 1 1 1 1 1 0 1 1 1 1 1 1 1 1 2 2 2 1 1 1 2 2 0 1 2 1 0 1 0 2 0 2 1 1 2 2 2 0 2 1 2 2 2 2 2 1 1 1 1 0 1 1 1 1 1 1 1 1 1 1 1 1 0 0 1 1 1 0 0 0 1 1 1 1 1 1 
1 1 1 1 1 1 1 1 1 1 1 1 1 1 1 1 1 1 1 1 1 1 1 1 1 1 1 0 0 1 1 1 1 1 2 2 2 1 2 2 2 1 2 1 1 1 2 1 1 1 2 0 2 1 0 1 1 1 2 0 0 1 0 2 2 1 1 1 1 1 0 1 1 1 1 1 0 1 1 1 0 0 0 0 1 1 1 1 0 1 1 1 0 1 1 0 1 1 2 1 2 2 2 2 1 1 2 1 2 1 1 1 1 2 1 1 1 2 0 1 1 0 2 1 1 1 1 1 2 1 1 0 1 1 0 1 1 1 1 1 1 1 1 0 1 1 1 1 0 1 0 1 0 1 1 1 1 0 1 1 
1 1 0 0 1 1 0 1 1 1 1 0 1 1 1 1 0 1 1 1 1 1 1 1 0 1 0 1 0 1 1 1 1 1 2 1 2 1 2 0 1 1 1 1 2 1 2 1 0 0 0 2 1 2 1 1 1 2 2 2 1 2 2 1 1 1 1 1 1 1 1 0 1 1 1 1 1 1 1 0 1 1 1 1 1 1 1 1 1 1 0 0 1 1 1 0 0 1 2 0 2 1 1 1 1 0 2 2 0 0 1 1 0 0 1 1 2 2 0 0 1 2 2 2 2 1 2 1 2 1 1 1 1 1 1 1 1 0 0 1 1 1 1 1 0 0 1 1 1 1 1 1 1 0 1 1 1 1 0 1 
0 1 1 1 1 0 0 1 0 1 1 0 1 1 1 1 0 1 1 1 0 1 1 1 0 1 0 0 1 1 1 0 1 1 1 2 2 1 2 2 0 2 1 0 2 0 1 1 1 1 2 1 2 2 1 1 2 1 2 1 1 1 2 2 1 1 1 1 0 1 0 1 1 1 1 1 1 0 0 1 1 1 1 0 1 1 1 1 1 1 1 1 0 1 1 1 0 1 1 0 2 1 0 2 1 2 2 1 1 1 0 2 0 1 2 1 1 1 2 2 0 2 2 2 1 1 0 0 1 0 1 1 1 1 1 1 1 1 1 1 1 1 0 1 1 0 0 1 0 1 1 1 1 1 1 0 1 1 1 1 
1 1 0 1 1 0 1 1 1 0 0 1 1 0 1 1 1 1 1 1 0 0 1 1 1 0 1 1 1 0 0 1 1 1 1 0 0 1 2 1 1 1 2 1 1 1 2 2 2 1 1 0 1 2 0 0 1 2 0 1 1 1 1 1 2 1 1 1 1 1 1 1 1 1 0 0 0 1 1 1 1 1 1 0 1 1 1 0 1 0 1 1 1 1 1 0 1 1 1 0 2 1 2 2 0 2 0 0 2 2 2 0 2 2 0 1 1 2 1 2 0 2 0 2 0 2 0 0 1 1 1 1 1 0 1 1 0 1 1 1 1 1 0 1 0 0 1 1 1 1 1 1 1 1 1 1 1 1 0 1 
1 1 0 0 1 1 1 1 1 1 1 0 1 1 0 0 1 1 1 1 1 0 1 1 1 1 0 1 0 1 1 1 1 1 2 0 1 1 1 1 1 0 2 1 1 1 2 1 1 0 1 0 1 0 2 2 1 2 0 0 1 2 0 2 2 1 1 1 1 1 1 1 0 1 1 1 1 0 1 1 1 1 1 0 1 1 1 0 1 1 0 1 0 1 1 1 1 1 1 1 1 0 0 1 1 0 2 0 0 0 2 2 1 0 2 2 1 1 1 2 2 2 2 2 0 0 1 1 1 1 1 1 1 0 1 0 1 1 1 0 0 1 1 0 1 1 1 1 0 0 0 1 1 0 1 1 0 1 1 1 
1 0 1 1 1 1 1 0 1 1 1 0 1 1 1 1 1 1 0 1 1 0 0 0 1 1 1 1 1 1 1 1 1 0 2 2 2 1 1 2 0 2 2 0 0 0 1 2 2 0 1 0 2 2 1 2 0 2 1 0 1 1 0 1 2 1 1 1 1 1 1 0 0 1 0 1 1 1 1 0 1 1 1 1 1 1 1 1 1 1 0 1 0 1 1 0 1 1 2 2 2 2 1 2 2 2 2 1 1 1 1 0 0 2 0 1 2 2 2 1 0 1 2 2 0 1 0 1 2 0 0 0 1 0 1 1 1 1 1 1 0 1 1 1 0 1 1 1 1 1 1 1 1 1 1 1 1 1 1 1 
1 1 1 1 0 1 0 0 1 1 1 1 1 0 1 1 1 1 1 1 1 1 1 1 1 1 1 1 1 1 1 0 1 1 2 0 1 2 1 2 2 0 2 1 0 1 2 2 2 2 1 0 1 1 2 1 1 0 1 2 2 2 1 1 0 1 0 1 1 0 1 1 1 1 1 0 1 0 1 0 1 1 1 1 0 0 1 1 1 0 1 1 1 1 1 1 1 0 0 2 1 2 1 0 2 1 1 2 2 1 2 2 1 1 2 1 2 2 1 1 1 2 0 2 2 1 2 2 2 0 1 1 1 1 0 1 1 1 1 0 0 1 1 1 1 0 0 0 0 0 1 1 1 1 1 1 1 1 1 1 
a a a a a a a a a a a a a a a a a a a a a a a a a a a a a a a a a a a a b a b b a b a b b b b b a a b a b b a b a a b b a b a b b a a a a a a a a a a a a a a a a a a a a a a a a a a a a a a a a a a b b b b b a b b a b b b a b a b b a b a b b b b a b a a b a a a a a a a a a a a a a a a a a a a a a a a a a a a a a a a a 
0 1 1 1 1 1 1 0 1 1 0 1 0 1 1 1 1 1 1 0 0 1 0 1 1 1 0 1 0 1 1 1 1 1 2 2 0 2 2 2 0 1 2 0 1 2 1 1 0 1 2 2 2 1 0 0 1 0 0 1 0 1 1 2 1 1 1 0 1 1 0 1 1 0 0 1 1 1 1 1 0 1 1 0 1 1 1 1 1 1 0 0 1 1 1 0 0 1 0 2 2 2 0 1 1 1 2 1 2 2 1 2 2 2 2 1 2 1 2 1 2 0 2 0 0 2 1 2 2 1 1 1 1 1 1 0 0 1 1 0 0 1 1 1 1 1 0 1 1 1 1 1 1 1 1 1 1 1 1 0 
1 1 0 0 0 1 1 1 1 1 1 0 0 1 1 0 1 0 1 0 1 1 1 1 1 1 1 1 1 1 1 1 1 0 2 1 2 2 2 0 1 2 2 2 1 2 2 1 1 2 1 0 2 1 1 0 1 0 0 1 1 1 2 1 2 1 1 0 1 1 1 1 1 0 1 1 1 1 1 1 1 1 1 0 1 0 1 1 1 1 0 1 0 1 1 1 1 0 1 1 0 1 0 2 2 1 2 2 1 0 2 1 2 2 1 2 1 2 2 0 1 2 1 0 0 2 1 1 2 0 1 0 1 1 1 1 1 1 1 1 1 0 1 1 1 1 1 1 0 1 1 1 1 1 1 1 1 1 0 1 
1 0 1 1 1 0 1 1 1 0 0 1 1 1 1 1 0 1 0 1 1 0 1 0 1 0 1 0 1 1 1 1 1 1 1 2 0 2 1 2 1 2 2 2 1 1 1 0 1 1 2 1 0 2 2 0 2 0 1 0 2 2 2 0 2 1 1 0 1 1 1 1 1 1 1 1 1 1 1 1 1 1 1 0 1 1 1 1 1 1 1 1 1 1 1 1 1 0 1 2 0 1 1 1 2 2 2 1 1 1 1 1 2 2 2 2 1 1 0 1 1 0 1 1 2 2 2 1 2 1 1 1 1 1 1 1 1 0 1 1 1 1 1 1 1 1 1 0 0 1 1 1 1 1 1 0 1 1 1 1 
1 0 1 1 1 1 1 1 0 1 1 1 1 1 1 0 1 1 1 1 0 1 0 1 0 0 1 1 0 1 1 1 1 0 1 1 2 1 1 1 0 1 1 2 1 1 1 2 2 1 2 1 2 2 2 0 1 2 1 2 0 2 2 1 0 1 0 1 1 1 1 1 0 1 0 1 1 1 0 1 1 1 0 1 1 1 0 1 1 1 1 0 1 1 1 1 0 1 1 1 1 0 0 1 0 2 1 0 1 1 1 2 1 2 0 2 1 1 1 1 1 1 2 1 1 0 1 2 1 1 0 1 1 0 1 0 0 1 1 0 1 1 1 0 1 1 1 1 1 1 0 0 1 0 1 1 1 1 1 1 
1 1 1 1 1 1 1 1 1 0 0 1 0 1 1 1 1 1 1 0 1 1 1 1 1 1 1 1 0 1 1 1 1 1 2 1 1 1 0 1 1 2 1 0 2 1 1 1 1 0 1 2 1 2 1 0 1 1 0 1 2 0 1 1 1 1 0 1 1 1 1 1 1 1 0 1 1 1 1 1 1 1 1 1 1 1 1 1 1 1 1 1 1 0 0 1 1 0 1 1 1 2 2 0 2 1 2 0 2 2 1 2 2 2 0 2 2 1 1 1 1 2 0 2 1 1 2 0 1 1 1 1 1 1 1 1 1 1 1 1 0 0 1 0 0 1 1 0 1 0 0 0 0 1 1 1 1 1 1 1 
1 1 1 1 1 1 0 1 1 1 1 1 1 1 1 1 1 1 1 1 1 1 1 0 1 0 0 1 1 0 1 1 0 1 1 1 2 1 1 2 2 1 2 1 1 2 2 2 1 0 2 2 1 1 0 2 1 1 1 0 2 0 2 1 1 1 1 1 1 0 1 1 1 1 1 1 0 1 0 1 1 1 1 1 0 1 0 1 1 1 1 1 1 1 0 1 1 1 1 2 2 2 1 1 2 2 0 2 0 1 2 2 2 0 0 0 2 0 1 0 2 2 2 2 1 1 1 1 2 1 1 1 0 1 1 0 1 1 1 1 1 1 1 1 1 0 1 1 1 1 1 0 1 1 1 1 1 1 1 0 
0 1 1 0 1 1 1 1 0 0 1 1 1 1 1 1 1 0 1 1 1 1 1 1 1 1 1 1 1 1 1 1 1 1 1 2 2 0 2 1 2 2 0 1 1 2 1 1 1 1 0 0 1 1 1 1 0 2 1 2 1 1 0 1 1 1 1 1 1 1 1 0 0 0 0 1 1 1 1 1 1 1 1 1 1 1 1 1 1 1 1 1 1 1 0 0 1 0 0 0 2 1 1 0 1 2 1 2 0 1 0 1 2 1 2 2 2 2 2 2 0 1 2 2 2 0 1 1 2 1 0 1 0 1 1 0 0 1 1 1 0 0 1 1 0 1 1 1 0 1 1 1 1 1 1 1 1 1 0 1 
1 1 1 1 1 1 1 1 1 1 1 1 0 1 1 1 1 1 0 1 1 1 1 1 1 1 1 1 0 1 0 1 0 1 1 1 0 0 2 2 0 1 2 0 2 0 1 0 1 1 2 2 1 1 2 0 1 1 1 2 1 1 2 2 1 1 1 0 1 1 1 1 1 1 1 1 1 1 1 1 1 0 1 1 0 1 1 1 0 1 1 1 1 1 0 1 1 1 2 0 1 1 0 2 2 1 1 2 2 2 1 1 0 2 2 1 2 0 2 1 2 1 0 2 0 1 1 2 2 1 1 1 1 1 0 1 0 0 0 1 0 1 1 1 1 1 0 1 1 1 1 1 1 1 1 1 1 1 1 1 
1 1 0 0 1 1 1 1 1 1 1 0 1 1 1 1 1 0 0 1 1 1 1 1 1 1 1 1 1 1 0 0 0 1 2 0 1 2 2 1 0 2 2 2 2 2 2 0 2 2 1 0 1 2 1 1 1 2 0 0 0 1 0 1 1 1 1 0 1 1 1 1 0 1 0 1 1 1 1 1 1 0 1 1 1 1 1 1 1 1 1 0 1 1 1 1 1 1 2 2 2 1 2 2 2 2 2 2 0 2 0 1 1 1 0 2 1 1 0 2 0 2 0 1 1 2 0 2 2 1 1 1 0 0 1 0 1 1 1 1 1 1 1 1 1 1 0 1 1 0 1 1 1 1 1 0 0 1 1 1 
1 1 0 0 1 1 1 1 1 1 0 1 1 1 1 1 1 1 1 1 1 0 1 1 1 1 1 1 1 1 0 1 0 0 1 2 1 1 0 1 1 0 1 1 2 1 2 1 1 2 0 2 1 1 1 0 2 0 0 2 2 1 1 2 2 1 1 0 0 1 1 0 1 1 1 1 1 0 1 1 1 0 1 0 1 1 0 0 1 1 1 1 0 1 1 1 1 1 0 2 0 1 2 2 1 0 1 2 1 2 1 2 0 1 1 2 1 2 0 2 0 2 0 2 2 1 0 2 1 1 1 1 1 1 1 1 1 0 1 0 1 1 1 0 1 1 1 1 1 1 1 0 1 1 1 1 1 1 1 1 
1 0 1 1 1 0 1 0 1 0 1 1 1 1 1 1 1 0 1 1 1 1 0 1 1 1 1 1 1 0 1 1 1 1 1 2 0 1 2 1 1 2 2 1 2 2 0 1 2 0 1 1 0 1 2 1 0 2 1 1 2 2 2 0 2 1 1 0 1 1 1 1 1 1 1 1 0 1 0 1 1 1 1 0 1 0 0 1 0 1 1 0 0 0 1 1 1 1 2 2 1 1 1 0 1 2 1 1 2 1 2 2 1 1 2 2 1 1 2 2 2 1 1 1 2 2 1 2 0 1 1 1 0 1 1 1 1 0 1 1 0 1 0 1 1 0 0 1 1 1 1 1 1 1 1 1 0 1 1 1 
1 1 1 1 1 1 1 1 0 1 1 1 1 1 1 1 1 1 0 1 1 1 0 1 1 0 1 0 1 1 1 1 1 1 2 2 0 1 2 1 1 1 1 2 2 0 1 1 1 1 2 0 2 0 2 0 0 2 0 0 0 0 2 2 2 0 1 1 0 1 0 1 0 1 1 1 1 0 1 1 0 1 1 0 1 1 0 1 0 1 1 1 0 1 1 1 1 1 1 1 0 0 0 1 1 0 1 1 1 1 1 1 1 1 0 0 1 1 1 1 1 1 1 0 1 0 1 1 1 1 1 0 0 1 1 1 1 1 1 1 1 1 1 1 1 1 1 0 1 1 1 1 1 1 1 1 1 1 1 1 
1 0 1 1 0 1 1 1 0 1 0 1 1 1 0 1 1 1 1 1 1 0 1 1 1 1 1 1 1 0 1 1 0 1 1 2 2 2 2 1 2 1 1 2 2 2 0 1 1 2 2 0 1 2 2 2 2 0 0 2 0 0 2 1 1 1 1 1 1 1 1 1 1 1 1 0 1 1 1 1 1 0 0 0 1 1 1 1 1 1 0 1 0 1 1 1 1 0 0 1 1 0 1 0 1 1 1 0 1 1 1 1 1 1 1 1 1 1 0 1 1 1 1 1 1 0 1 1 1 1 1 1 1 1 0 1 1 0 1 1 1 0 1 1 1 1 1 1 0 1 1 1 0 1 0 1 1 1 1 1 
1 1 1 0 0 1 1 1 1 1 1 1 1 1 1 1 0 1 1 1 0 1 1 1 1 1 1 1 1 1 1 1 1 1 0 0 2 2 2 1 1 2 0 0 2 1 2 0 0 0 0 1 2 0 0 0 1 1 2 2 2 1 0 0 2 0 0 1 1 1 0 1 1 1 0 1 1 1 1 1 1 1 1 1 1 0 1 1 1 0 1 1 1 0 1 0 1 1 1 1 0 1 1 1 1 1 1 1 1 1 0 1 1 1 1 1 1 1 1 1 1 1 1 1 0 0 1 1 1 0 1 1 0 1 1 1 1 1 1 1 1 1 1 1 1 1 1 1 1 1 1 1 0 1 1 1 1 1 0 1 
